5.76169	11.2362	-2.60982	11.2362	24.4947	-5.57471	-2.60982	-5.57471	1.80301	
0.937707	-1.72715	1.37553	-1.72715	7.59879	-5.68205	1.37553	-5.68205	5.0508	
0.511047	-0.22339	0.13899	-0.22339	5.03684	-2.85537	0.13899	-2.85537	2.35108	
0.937707	-1.72715	1.37553	-1.72715	7.59879	-5.68205	1.37553	-5.68205	5.0508	
7.97954	2.9789	-1.57006	2.9789	1.71285	-0.638234	-1.57006	-0.638234	0.835893	
14.1791	3.77181	-3.62231	3.77181	1.54183	-1.00407	-3.62231	-1.00407	1.47455	
0.612815	0.277248	-0.575392	0.277248	1.41329	-1.6363	-0.575392	-1.6363	3.64764	
4.36755	1.24841	0.912291	1.24841	0.920987	0.322816	0.912291	0.322816	0.759776	
4.01249	5.73047	-0.0894408	5.73047	9.8862	-0.164368	-0.0894408	-0.164368	0.511425	
3.47192	3.36263	-1.7108	3.36263	4.30788	-1.92614	-1.7108	-1.92614	1.51375	
20.6937	4.31808	-6.26318	4.31808	1.42849	-1.34511	-6.26318	-1.34511	2.44918	
67.2813	10.068	-3.06483	10.068	2.01819	-0.461103	-3.06483	-0.461103	0.643479	
26.9562	6.45065	1.5515	6.45065	2.07284	0.378603	1.5515	0.378603	0.599384	
0.895952	0.405759	0.0105918	0.405759	0.939419	0.0946433	0.0105918	0.0946433	0.79766	
13.7177	37.2655	0.0608743	37.2655	105.579	0.170523	0.0608743	0.170523	0.50037	
0.746744	0.545452	-2.60902	0.545452	1.73969	-5.86246	-2.60902	-5.86246	28.3532	
0.6746	7.72462	-0.774676	7.72462	342.251	-34.2729	-0.774676	-34.2729	3.93733	
0.545317	-0.169413	0.0279525	-0.169413	1.41546	-0.46095	0.0279525	-0.46095	0.967598	
0.598643	-0.165434	-0.144437	-0.165434	0.780147	0.201752	-0.144437	0.201752	1.31893	
3.43095	12.7844	1.97016	12.7844	56.2743	8.58924	1.97016	8.58924	1.82602	
11.7608	25.2313	-28.3857	25.2313	57.0417	-63.6082	-28.3857	-63.6082	72.0584	
10.3963	4.52918	-8.57877	4.52918	2.57614	-3.92008	-8.57877	-3.92008	7.94785	
45.4519	5.08025	-16.8438	5.08025	1.07462	-1.90506	-16.8438	-1.90506	6.81597	
2.5549	-3.44656	-10.2371	-3.44656	6.29493	17.2024	-10.2371	17.2024	51.5726	
5.00541	1.85965	0.448356	1.85965	1.28369	0.162601	0.448356	0.162601	0.575956	
0.544008	0.219387	-0.928148	0.219387	1.88176	-5.83648	-0.928148	-5.83648	25.1532	
12.9295	24.9588	1.5255	24.9588	50.6331	3.06118	1.5255	3.06118	0.687519	
7.15336	47.2745	-1.72617	47.2745	336.402	-12.265	-1.72617	-12.265	0.948063	
7.67186	51.9789	-3.67435	51.9789	377.223	-26.6303	-3.67435	-26.6303	2.38262	
10.8064	70.7886	-5.05861	70.7886	486.703	-34.7445	-5.05861	-34.7445	2.98287	
10.0008	67.2783	-3.98559	67.2783	476.92	-28.2232	-3.98559	-28.2232	2.17196	
9.47805	63.8796	-2.85932	63.8796	455.009	-20.3444	-2.85932	-20.3444	1.41068	
8.95971	61.2075	-2.68702	61.2075	443.348	-19.4411	-2.68702	-19.4411	1.35352	
6.40513	7.95903	5.88496	7.95903	11.257	7.94465	5.88496	7.94465	6.37038	
4.09006	14.4774	4.06025	14.4774	58.9179	16.3897	4.06025	16.3897	5.09931	
11.0528	53.823	7.10757	53.823	275.019	36.2506	7.10757	36.2506	5.2872	
1.20643	3.61999	0.439996	3.61999	19.1733	2.30025	0.439996	2.30025	0.790889	
0.839414	0.602768	0.262987	0.602768	1.91038	0.747138	0.262987	0.747138	0.934574	
26.2501	22.4802	-1.09717	22.4802	20.1319	-0.960985	-1.09717	-0.960985	0.54832	
40.5782	33.9807	-0.829977	33.9807	29.315	-0.705449	-0.829977	-0.705449	0.517919	
371.446	-10.8918	-20.4324	-10.8918	0.819968	0.5999	-20.4324	0.5999	1.62547	
282.416	-11.5687	16.1912	-11.5687	0.974957	-0.664234	16.1912	-0.664234	1.43006	
340.067	136.23	11.5319	136.23	55.1539	4.62643	11.5319	4.62643	0.891758	
8.32413	5.42604	2.56079	5.42604	4.28491	1.78986	2.56079	1.78986	1.347	
16.6284	19.0996	-7.19442	19.0996	23.1184	-8.51898	-7.19442	-8.51898	3.71469	
9.17279	52.249	-3.32212	52.249	315.277	-20.0151	-3.32212	-20.0151	1.77281	
10.399	67.753	-4.19467	67.753	464.232	-28.7103	-4.19467	-28.7103	2.2775	
7.54838	52.16	-4.69834	52.16	386.499	-34.7693	-4.69834	-34.7693	3.63201	
7.57077	51.7647	-4.6791	51.7647	379.467	-34.2558	-4.6791	-34.2558	3.59659	
9.6599	66.5086	-7.10127	66.5086	483.409	-51.5612	-7.10127	-51.5612	6.00531	
7.72566	52.3375	-5.6412	52.3375	379.597	-40.8605	-5.6412	-40.8605	4.90419	
9.49131	62.7112	-6.02643	62.7112	437.888	-42.0322	-6.02643	-42.0322	4.53927	
9.91934	67.3052	-6.30423	67.3052	481.424	-45.0464	-6.30423	-45.0464	4.71933	
10.6157	67.0235	-6.66651	67.0235	444.577	-44.1703	-6.66651	-44.1703	4.89345	
11.0201	70.7394	-7.22037	70.7394	476.167	-48.5513	-7.22037	-48.5513	5.45563	
8.98607	61.3321	-5.77921	61.3321	443.771	-41.7686	-5.77921	-41.7686	4.43583	
9.55675	63.5918	-6.09017	63.5918	447.011	-42.7622	-6.09017	-42.7622	4.59533	
10.063	65.7025	-6.31541	65.7025	451.909	-43.39	-6.31541	-43.39	4.6707	
10.2194	67.9556	-6.7668	67.9556	475.628	-47.3117	-6.7668	-47.3117	5.21114	
9.75548	62.9885	-6.40742	62.9885	429.171	-43.6058	-6.40742	-43.6058	4.93577	
6.55992	46.2257	-4.66858	46.2257	353.124	-35.6129	-4.66858	-35.6129	4.09671	
0.540383	-4.21111	0.317942	-4.21111	440.28	-33.2055	0.317942	-33.2055	3.00718	
0.692456	3.94158	-0.826021	3.94158	81.3039	-16.9474	-0.826021	-16.9474	4.0568	
6.95157	2.64935	-4.89355	2.64935	1.59362	-2.02298	-4.89355	-2.02298	4.24366	
0.887162	4.26301	-4.89004	4.26301	47.6342	-54.0558	-4.89004	-54.0558	62.4945	
474.158	-71.1093	6.02282	-71.1093	11.1755	-0.904192	6.02282	-0.904192	0.576599	
466.066	-69.5128	7.40492	-69.5128	10.8788	-1.10563	7.40492	-1.10563	0.617789	
7.77625	45.8309	-2.34684	45.8309	289.189	-14.783	-2.34684	-14.783	1.25701	
12.2153	69.4178	-8.37404	69.4178	411.832	-49.6199	-8.37404	-49.6199	6.48576	
12.1058	74.651	-7.32471	74.651	480.671	-47.114	-7.32471	-47.114	5.1228	
9.68317	63.7295	-6.06596	63.7295	442.772	-42.0967	-6.06596	-42.0967	4.50694	
10.7455	69.3104	-6.75049	69.3104	469.382	-45.6667	-6.75049	-45.6667	4.94771	
9.62363	64.5531	-6.3179	64.5531	457.239	-44.7015	-6.3179	-44.7015	4.87499	
10.1266	68.2611	-5.68757	68.2611	484.531	-40.3299	-5.68757	-40.3299	3.86032	
9.95782	65.6441	-6.40464	65.6441	456.117	-44.4529	-6.40464	-44.4529	4.83713	
10.4631	68.5258	-5.79676	68.5258	471.816	-39.8698	-5.79676	-39.8698	3.8727	
10.6251	68.3384	-6.11147	68.3384	461.745	-41.2489	-6.11147	-41.2489	4.18889	
10.6579	69.5725	-6.27938	69.5725	477.011	-43.0083	-6.27938	-43.0083	4.38179	
8.63998	60.1104	-5.34621	60.1104	444.392	-39.4795	-5.34621	-39.4795	4.01131	
9.57731	62.7943	-6.52192	62.7943	434.894	-45.1168	-6.52192	-45.1168	5.18594	
7.98811	55.8921	-5.49786	55.8921	417.685	-41.0368	-5.49786	-41.0368	4.53671	
78.5226	-8.6539	-5.37932	-8.6539	1.46211	0.597635	-5.37932	0.597635	0.871311	
8.5082	56.0871	-4.72567	56.0871	393.318	-33.0971	-4.72567	-33.0971	3.28873	
9.82562	59.1011	-6.07192	59.1011	375.053	-38.4809	-6.07192	-38.4809	4.4536	
10.2418	66.1714	-6.13325	66.1714	449.971	-41.66	-6.13325	-41.66	4.36136	
10.1574	66.8005	-5.59411	66.8005	462.563	-38.6947	-5.59411	-38.6947	3.74045	
8.41411	61.6706	-6.92819	61.6706	481.067	-53.9878	-6.92819	-53.9878	6.56509	
1.71743	9.31248	-1.88544	9.31248	71.7341	-14.4224	-1.88544	-14.4224	3.42296	
3.30262	20.7647	-2.70224	20.7647	154.346	-20.0219	-2.70224	-20.0219	3.10677	
1.09143	4.55148	-0.807546	4.55148	35.5394	-6.22561	-0.807546	-6.22561	1.61236	
0.663815	2.3496	-0.346267	2.3496	34.7105	-5.08831	-0.346267	-5.08831	1.26101	
1.54172	6.78387	-0.503422	6.78387	44.8578	-3.2791	-0.503422	-3.2791	0.743287	
4.11604	16.5389	-1.57983	16.5389	76.1826	-7.22332	-1.57983	-7.22332	1.19039	
9.44204	35.9014	-4.16529	35.9014	144.641	-16.7234	-4.16529	-16.7234	2.44139	
3.32447	0.762965	-7.36957	0.762965	0.707318	-1.98225	-7.36957	-1.98225	19.7872	
1.91375	26.0679	-3.13229	26.0679	481.165	-57.7562	-3.13229	-57.7562	7.43992	
3.00724	32.1538	-3.41506	32.1538	412.854	-43.7963	-3.41506	-43.7963	5.15173	
3.2071	22.9437	-2.42307	22.9437	194.99	-20.5431	-2.42307	-20.5431	2.67015	
8.7873	61.5647	-5.63112	61.5647	457.853	-41.8325	-5.63112	-41.8325	4.32631	
3.8173	27.5948	-2.34584	27.5948	230.057	-19.5126	-2.34584	-19.5126	2.159	
50.7532	130.212	9.29125	130.212	337.892	24.0747	9.29125	24.0747	2.21799	
0.574683	2.46938	-0.62876	2.46938	82.231	-20.8245	-0.62876	-20.8245	5.80839	
0.60345	-2.38174	0.297061	-2.38174	55.3965	-6.83138	0.297061	-6.83138	1.35402	
0.526858	1.40681	0.14946	1.40681	74.4174	7.82764	0.14946	7.82764	1.33171	
1.99537	19.1084	2.93578	19.1084	244.676	37.515	2.93578	37.515	6.26427	
1.27646	6.39976	-0.433245	6.39976	53.2676	-3.56348	-0.433245	-3.56348	0.744537	
9.36555	30.9187	-2.35846	30.9187	108.347	-8.22848	-2.35846	-8.22848	1.12801	
1.21564	3.28113	0.0403862	3.28113	15.5446	0.189086	0.0403862	0.189086	0.517658	
3.60884	18.9205	-0.343493	18.9205	115.707	-2.09418	-0.343493	-2.09418	0.538191	
2.95578	28.5211	4.47196	28.5211	331.753	51.9399	4.47196	51.9399	8.64425	
0.614302	1.95629	0.0834626	1.95629	34.0453	1.41057	0.0834626	1.41057	0.566017	
1.6923	5.22958	-0.674094	5.22958	23.452	-2.94701	-0.674094	-2.94701	0.88765	
1.79809	5.07713	-0.560115	5.07713	20.3746	-2.17935	-0.560115	-2.17935	0.749389	
7.79742	52.65	-11.8438	52.65	380.364	-85.4519	-11.8438	-85.4519	19.7228	
0.813104	3.78565	-0.935579	3.78565	46.4645	-11.3852	-0.935579	-11.3852	3.32346	
22.2588	96.2041	-26.9153	96.2041	425.857	-119.004	-26.9153	-119.004	33.794	
12.5899	40.7299	-10.5457	40.7299	137.72	-35.5268	-10.5457	-35.5268	9.69895	
37.9008	123.601	-10.8158	123.601	408.976	-35.7437	-10.8158	-35.7437	3.62779	
26.7997	81.973	-9.17304	81.973	256.003	-28.592	-9.17304	-28.592	3.69964	
0.925927	0.82347	-0.0240437	0.82347	2.67167	-0.0415386	-0.0240437	-0.0415386	0.501399	
0.802886	1.40248	0.365037	1.40248	7.71173	1.90726	0.365037	1.90726	1.00555	
0.683163	1.40794	0.586396	1.40794	12.2489	4.82606	0.586396	4.82606	2.48689	
0.517959	-0.0137972	-0.0449244	-0.0137972	1.98913	-0.645055	-0.0449244	-0.645055	0.924723	
186.812	-21.7119	4.8325	-21.7119	3.0303	-0.56287	4.8325	-0.56287	0.626051	
259.97	-32.5781	11.9029	-32.5781	4.59067	-1.49427	11.9029	-1.49427	1.04619	
337.033	-40.9779	13.6672	-40.9779	5.48982	-1.66407	13.6672	-1.66407	1.05513	
320.356	-127.133	85.9422	-127.133	51.0315	-34.1594	85.9422	-34.1594	23.5919	
17.7326	-46.2179	17.456	-46.2179	124.464	-46.8208	17.456	-46.8208	18.1842	
5.49236	-25.5243	7.0553	-25.5243	131.007	-36.0771	7.0553	-36.0771	10.4739	
9.67871	66.3454	-0.798643	66.3454	480.057	-5.77278	-0.798643	-5.77278	0.569499	
10.1678	-6.18881	-2.88818	-6.18881	4.48441	1.85581	-2.88818	1.85581	1.36495	
59.8449	-34.1043	-28.2623	-34.1043	20.1019	16.2427	-28.2623	16.2427	13.9598	
33.1619	-20.0012	-15.8111	-20.0012	12.7539	9.68391	-15.8111	9.68391	8.15439	
51.1384	-29.4291	-24.8125	-29.4291	17.6064	14.4215	-24.8125	14.4215	12.6586	
1.80018	-0.0455874	0.162156	-0.0455874	0.546727	0.0750958	0.162156	0.0750958	0.664824	
1.24118	0.257733	0.591794	0.257733	0.708206	0.109363	0.591794	0.109363	1.05093	
9.65578	44.1333	-4.38588	44.1333	213.249	-21.1427	-4.38588	-21.1427	2.60114	
53.3987	-10.0563	96.7003	-10.0563	2.41184	-18.3836	96.7003	-18.3836	177.273	
1.33757	0.284638	1.58235	0.284638	0.622195	0.617984	1.58235	0.617984	3.74225	
3.49699	-4.6541	5.54766	-4.6541	7.7414	-8.61228	5.54766	-8.61228	10.7697	
3.3486	-4.15106	5.31872	-4.15106	6.5855	-7.77325	5.31872	-7.77325	10.4449	
0.607319	-0.0155367	-0.314047	-0.0155367	0.547363	0.352915	-0.314047	0.352915	3.51426	
1.64229	-2.22513	-2.71744	-2.22513	4.87712	5.30199	-2.71744	5.30199	6.96634	
2.12595	-1.02776	-1.0594	-1.02776	1.19959	0.740188	-1.0594	0.740188	1.28989	
1.51096	-0.279821	-0.592291	-0.279821	0.578282	0.150316	-0.592291	0.150316	1.07034	
1.20243	-0.200455	-0.906572	-0.200455	0.558431	0.239185	-0.906572	0.239185	1.98068	
34.3558	-10.992	13.5927	-10.992	4.06912	-4.41178	13.5927	-4.41178	5.96274	
0.902466	-0.193559	-0.13986	-0.193559	0.59372	0.0495485	-0.13986	0.0495485	1.04565	
1.2012	-0.0763564	-0.49357	-0.0763564	0.508579	0.0441383	-0.49357	0.0441383	1.19623	
4.55844	4.62422	10.3772	4.62422	5.77542	11.8417	10.3772	11.8417	27.0824	
1.67479	-0.426439	2.96128	-0.426439	0.677736	-1.05951	2.96128	-1.05951	7.9748	
1.83225	-0.325358	2.81895	-0.325358	0.613604	-0.69109	2.81895	-0.69109	6.46495	
5.80099	1.02204	7.69015	1.02204	0.697651	1.48786	7.69015	1.48786	11.701	
10.273	1.10085	26.0501	1.10085	0.624003	2.93441	26.0501	2.93441	69.9585	
8.19187	-1.26889	5.35517	-1.26889	0.709515	-0.885856	5.35517	-0.885856	4.25944	
53.2603	-11.7819	35.2613	-11.7819	3.13134	-7.87528	35.2613	-7.87528	24.0698	
46.3832	-42.5932	72.2976	-42.5932	40.0395	-67.1146	72.2976	-67.1146	114.421	
3.8216	-5.48275	4.45468	-5.48275	9.55182	-7.35991	4.45468	-7.35991	6.50052	
0.964539	-3.28422	3.03619	-3.28422	23.9063	-21.6583	3.03619	-21.6583	20.543	
0.624628	-0.269699	1.62847	-0.269699	1.13528	-3.72813	1.62847	-3.72813	22.5851	
1.3269	-0.421841	-0.396528	-0.421841	0.747211	0.290228	-0.396528	0.290228	0.931751	
5.86665	0.574911	2.20673	0.574911	0.563969	0.246577	2.20673	0.246577	1.4509	
2.46864	-0.621275	1.65751	-0.621275	0.696075	-0.524157	1.65751	-0.524157	2.01047	
1.96894	-0.666352	1.085	-0.666352	0.804798	-0.474291	1.085	-0.474291	1.42833	
1.2988	-0.895621	1.03599	-0.895621	1.50473	-1.17068	1.03599	-1.17068	1.99217	
0.689218	-0.416701	0.662254	-0.416701	1.43852	-1.41929	0.662254	-1.41929	2.89131	
10.4156	0.739323	-3.68964	0.739323	0.557081	-0.281755	-3.68964	-0.281755	1.89553	
0.869583	-0.0753009	-0.833879	-0.0753009	0.533236	0.276389	-0.833879	0.276389	3.01521	
0.851649	-0.255542	-0.683149	-0.255542	0.710361	0.619282	-0.683149	0.619282	2.43908	
4.25117	-3.46402	-6.25068	-3.46402	3.70429	5.76454	-6.25068	5.76454	10.9265	
0.58167	0.60313	0.877773	0.60313	5.64306	7.3651	0.877773	7.3651	11.0652	
4.25117	-3.46402	-6.25068	-3.46402	3.70429	5.76454	-6.25068	5.76454	10.9265	
0.535684	-0.124729	0.0285897	-0.124729	0.983335	0.0475879	0.0285897	0.0475879	0.982434	
0.807027	-0.0293203	-0.841765	-0.0293203	0.503665	0.106795	-0.841765	0.106795	3.61401	
351.816	-54.3541	52.8445	-54.3541	8.9095	-8.17578	52.8445	-8.17578	8.4489	
27.4648	-4.12248	2.99681	-4.12248	1.13643	-0.462143	2.99681	-0.462143	0.835626	
0.660491	2.44922	0.691813	2.44922	38.8204	10.8634	0.691813	10.8634	3.58128	
0.747739	2.68213	0.302556	2.68213	29.7659	3.26395	0.302556	3.26395	0.8701	
0.69097	1.17794	0.266021	1.17794	8.09773	1.62469	0.266021	1.62469	0.871357	
1.04263	0.631465	0.162655	0.631465	1.26245	0.264369	0.162655	0.264369	0.752922	
7.1939	6.98751	12.0504	6.98751	7.80151	12.5931	12.0504	12.5931	22.2199	
0.834198	0.124223	-0.106853	0.124223	0.576358	0.0945542	-0.106853	0.0945542	1.13146	
16.4009	13.1626	37.5529	13.1626	11.3983	31.0903	37.5529	31.0903	89.1963	
37.9709	37.0268	104.292	37.0268	37.0882	103.056	104.292	103.056	290.774	
1.49402	-1.28665	-5.05208	-1.28665	2.17367	6.58107	-5.05208	6.58107	26.3879	
0.975194	-5.44927	-0.772686	-5.44927	63.2149	8.91218	-0.772686	8.91218	1.76814	
0.738166	-0.721084	-1.68995	-0.721084	2.8419	5.48513	-1.68995	5.48513	13.3472	
0.980413	-1.71091	-4.12159	-1.71091	6.66761	14.845	-4.12159	14.845	36.233	
0.980413	-1.71091	-4.12159	-1.71091	6.66761	14.845	-4.12159	14.845	36.233	
0.807207	2.35476	5.44752	2.35476	18.625	41.9415	5.44752	41.9415	97.5547	
1.88845	-2.90214	-17.9651	-2.90214	6.5689	37.5658	-17.9651	37.5658	233.03	
0.921625	-1.02505	-3.17127	-1.02505	3.04798	7.83844	-3.17127	7.83844	24.6482	
1.07144	0.410108	1.88505	0.410108	0.831115	1.46631	1.88505	1.46631	7.06823	
1.12604	0.623627	2.4702	0.623627	1.15538	2.56701	2.4702	2.56701	10.5778	
2.39725	-27.4117	2.00079	-27.4117	396.547	-28.9074	2.00079	-28.9074	2.61007	
3.94688	-4.82563	-30.9931	-4.82563	7.25591	43.3911	-30.9931	43.3911	279.195	
1.17198	-13.142	0.138187	-13.142	257.593	-2.70779	0.138187	-2.70779	0.528799	
0.975341	-12.4116	0.699912	-12.4116	324.593	-18.2743	0.699912	-18.2743	1.53066	
1.03667	-10.7556	2.73258	-10.7556	216.088	-54.7768	2.73258	-54.7768	14.4183	
1.82605	-19.9678	5.5227	-19.9678	301.224	-83.1759	5.5227	-83.1759	23.5053	
1.67109	-19.4736	6.85391	-19.4736	324.369	-113.989	6.85391	-113.989	40.6195	
0.957012	-9.90159	3.61164	-9.90159	215.058	-78.2649	3.61164	-78.2649	29.0494	
0.547037	-2.00176	0.592659	-2.00176	85.815	-25.2421	0.592659	-25.2421	7.97066	
0.512286	-2.02073	0.583862	-2.02073	334.599	-96.549	0.583862	-96.549	28.4011	
0.538608	3.85373	-1.21318	3.85373	385.282	-121.136	-1.21318	-121.136	38.6355	
0.511093	1.63858	-0.543469	1.63858	246.375	-81.5818	-0.543469	-81.5818	27.5692	
1.38878	-18.2668	6.37302	-18.2668	375.942	-130.987	6.37302	-130.987	46.1997	
0.565803	-3.08695	0.894735	-3.08695	146.137	-42.1868	0.894735	-42.1868	12.7211	
0.51654	2.28575	-0.620236	2.28575	316.38	-85.7147	-0.620236	-85.7147	23.7591	
0.500083	0.0441893	-0.0127937	0.0441893	267.472	-76.3628	-0.0127937	-76.3628	22.3426	
0.502934	0.519367	-0.143937	0.519367	92.5595	-25.5293	-0.143937	-25.5293	7.58178	
0.503899	0.734905	-0.180682	0.734905	140.472	-34.371	-0.180682	-34.371	8.9412	
0.914608	-12.7104	3.45202	-12.7104	390.158	-105.828	3.45202	-105.828	29.2419	
2.34255	-27.8775	8.24264	-27.8775	422.292	-124.713	8.24264	-124.713	37.3742	
0.818524	-9.75029	2.72466	-9.75029	298.964	-83.404	2.72466	-83.404	23.807	
1.64153	-0.667787	-1.08189	-0.667787	0.9475	0.728399	-1.08189	0.728399	1.6858	
0.738783	-0.493481	-1.52746	-0.493481	1.55576	3.17738	-1.52746	3.17738	10.2828	
1.52758	3.7523	-6.25746	3.7523	14.2493	-22.9108	-6.25746	-22.9108	38.6836	
5.74246	39.3347	-25.4252	39.3347	295.633	-190.768	-25.4252	-190.768	123.809	
1.6729	-21.2195	9.95949	-21.2195	384.4	-180.186	9.95949	-180.186	85.0713	
2.16367	-24.9335	13.5412	-24.9335	374.178	-202.943	13.5412	-202.943	110.717	
1.21327	-16.5558	8.06313	-16.5558	384.79	-187.16	8.06313	-187.16	91.6524	
0.62093	-5.87858	2.91415	-5.87858	286.27	-141.663	2.91415	-141.663	70.7265	
2.21918	-23.7529	12.7784	-23.7529	328.698	-176.561	12.7784	-176.561	95.4845	
0.605171	4.93417	-2.95094	4.93417	232.619	-138.824	-2.95094	-138.824	83.5269	
2.09771	18.3631	-11.8055	18.3631	211.569	-135.697	-11.8055	-135.697	87.7404	
1.02927	7.92573	-4.74058	7.92573	119.265	-71.0273	-4.74058	-71.0273	42.979	
0.50307	0.460855	-0.228413	0.460855	76.3414	-37.7195	-0.228413	-37.7195	19.262	
0.633102	-5.25129	2.40848	-5.25129	208.324	-95.3097	2.40848	-95.3097	44.2098	
1.21488	-14.6393	8.10004	-14.6393	300.289	-165.876	8.10004	-165.876	92.2812	
0.507202	-1.54034	0.91195	-1.54034	331.397	-195.913	0.91195	-195.913	116.493	
0.505433	-0.392826	0.207973	-0.392826	55.6304	-29.3478	0.207973	-29.3478	16.1234	
3.71874	-29.943	14.6773	-29.943	279.05	-136.538	14.6773	-136.538	67.4281	
0.967874	-5.50196	1.57921	-5.50196	65.3107	-18.6186	1.57921	-18.6186	5.85104	
0.695457	6.2667	-1.89228	6.2667	201.427	-60.6731	-1.89228	-60.6731	18.8219	
4.53381	23.6211	-13.2138	23.6211	138.834	-77.3875	-13.2138	-77.3875	43.793	
4.39562	19.6017	-11.4006	19.6017	99.1445	-57.3762	-11.4006	-57.3762	33.8735	
1.38385	5.91884	-3.3157	5.91884	40.1659	-22.2319	-3.3157	-22.2319	12.9649	
0.525763	1.05495	-0.549427	1.05495	44.1511	-22.7803	-0.549427	-22.7803	12.3931	
0.606579	-1.60892	0.756497	-1.60892	25.7251	-11.9243	0.756497	-11.9243	6.14095	
0.506185	0.425042	-0.27595	0.425042	51.0106	-32.9284	-0.27595	-32.9284	21.9669	
2.06815	15.3396	-9.67885	15.3396	150.553	-94.6791	-9.67885	-94.6791	60.2408	
1.28925	9.42132	-5.96686	9.42132	113.105	-71.3119	-5.96686	-71.3119	45.6615	
1.19157	9.68656	-5.83006	9.68656	136.288	-81.7328	-5.83006	-81.7328	49.6967	
1.82065	19.7123	-8.82019	19.7123	294.762	-131.665	-8.82019	-131.665	59.4123	
3.92148	18.2848	-4.55022	18.2848	98.2698	-24.3295	-4.55022	-24.3295	6.55426	
0.513529	0.549486	-0.0939713	0.549486	22.8946	-3.80112	-0.0939713	-3.80112	1.15576	
1.5668	16.7168	-4.38456	16.7168	262.461	-68.7104	-4.38456	-68.7104	18.5226	
0.941046	-5.21259	0.132774	-5.21259	62.1143	-1.57475	0.132774	-1.57475	0.543708	
0.820735	9.06197	0.493815	9.06197	256.708	13.9549	0.493815	13.9549	1.26034	
2.0155	8.01286	0.726456	8.01286	42.9694	3.86281	0.726456	3.86281	0.852846	
2.99499	12.1951	-0.0363568	12.1951	60.1944	-0.176386	-0.0363568	-0.176386	0.50055	
0.549227	1.76171	-0.270691	1.76171	66.3322	-10.1726	-0.270691	-10.1726	2.07305	
2.14136	-6.87833	-0.518617	-6.87833	29.3435	2.18591	-0.518617	2.18591	0.672227	
0.625878	1.42492	0.26629	1.42492	17.0127	3.15241	0.26629	3.15241	1.11311	
3.68618	14.2299	-1.63207	14.2299	64.0793	-7.29913	-1.63207	-7.29913	1.33985	
0.659966	2.85718	-0.222316	2.85718	51.5512	-3.98118	-0.222316	-3.98118	0.814776	
0.500963	-0.154249	-0.0283695	-0.154249	175.311	31.9067	-0.0283695	31.9067	6.32367	
1.06013	6.92244	1.87215	6.92244	86.1232	23.1679	1.87215	23.1679	6.77059	
0.668254	1.58048	0.0593667	1.58048	15.4942	0.609405	0.0593667	0.609405	0.539037	
0.652765	1.42728	-0.339162	1.42728	13.8459	-3.15736	-0.339162	-3.15736	1.26486	
0.635291	1.70229	-0.0677722	1.70229	22.0777	-0.899007	-0.0677722	-0.899007	0.547435	
8.82029	42.4303	2.55414	42.4303	216.889	13.0273	2.55414	13.0273	1.2845	
1.85279	6.77567	-2.28905	6.77567	34.4387	-11.4688	-2.28905	-11.4688	4.38199	
1.55067	7.42338	-3.85125	7.42338	53.1017	-27.2822	-3.85125	-27.2822	14.6504	
0.611552	1.88376	-1.1158	1.88376	32.5036	-18.9215	-1.1158	-18.9215	11.6933	
0.532902	0.321905	-0.0549351	0.321905	5.17499	-1.10115	-0.0549351	-1.10115	0.799999	
0.710477	2.16345	-0.106091	2.16345	22.741	-1.0966	-0.106091	-1.0966	0.564643	
1.3107	9.27683	-0.365236	9.27683	106.895	-4.19021	-0.365236	-4.19021	0.665034	
0.544043	-0.780106	-0.0719812	-0.780106	17.218	1.38849	-0.0719812	1.38849	0.622085	
0.502729	0.446991	-0.0114974	0.446991	95.7118	-2.65545	-0.0114974	-2.65545	0.575549	
2.24185	11.015	-0.502468	11.015	70.2505	-3.17372	-0.502468	-3.17372	0.645092	
1.73506	6.40772	-1.6771	6.40772	33.7738	-8.69572	-1.6771	-8.69572	2.77834	
6.27198	33.1476	-10.3228	33.1476	190.866	-59.2853	-10.3228	-59.2853	18.9637	
2.56697	14.8148	-3.84927	14.8148	106.716	-27.5917	-3.84927	-27.5917	7.6686	
6.55704	39.8642	-12.8234	39.8642	262.878	-84.4013	-12.8234	-84.4013	27.6502	
0.918911	-11.5718	2.32437	-11.5718	320.275	-64.235	2.32437	-64.235	13.4033	
0.671717	-4.0118	0.126639	-4.0118	94.7952	-3.00172	0.126639	-3.00172	0.596659	
1.42663	-9.61945	-0.343894	-9.61945	100.366	3.567	-0.343894	3.567	0.629335	
0.655156	-3.47387	-0.213358	-3.47387	78.4308	4.80546	-0.213358	4.80546	0.798705	
0.779518	4.58996	0.199124	4.58996	75.9164	3.26088	0.199124	3.26088	0.643629	
4.84734	31.363	-2.75984	31.363	226.765	-19.9094	-2.75984	-19.9094	2.25238	
2.39752	16.4271	-5.01955	16.4271	142.77	-43.468	-5.01955	-43.468	13.7812	
0.556993	2.15708	-0.492463	2.15708	82.3591	-18.7112	-0.492463	-18.7112	4.77932	
0.834772	5.03427	-0.0958956	5.03427	76.224	-1.43526	-0.0958956	-1.43526	0.529902	
0.923152	4.91811	0.264444	4.91811	57.661	3.07366	0.264444	3.07366	0.669109	
1.46712	9.24909	0.810253	9.24909	88.9643	7.74503	0.810253	7.74503	1.18026	
2.05332	15.1942	0.975395	15.1942	149.179	9.53876	0.975395	9.53876	1.11259	
1.63548	22.0404	1.09305	22.0404	428.345	21.2178	1.09305	21.2178	1.55224	
2.80614	28.3434	-1.19823	28.3434	348.875	-14.7288	-1.19823	-14.7288	1.12277	
8.71959	54.8199	-8.21748	54.8199	366.123	-54.8071	-8.21748	-54.8071	8.71564	
5.62934	48.2396	-12.9189	48.2396	454.176	-121.498	-12.9189	-121.498	33.0379	
0.78023	5.57548	-1.37608	5.57548	111.452	-27.3898	-1.37608	-27.3898	7.26316	
1.55566	8.42136	-1.47345	8.42136	67.7024	-11.766	-1.47345	-11.766	2.56276	
0.538497	1.19681	-0.210874	1.19681	38.138	-6.68125	-0.210874	-6.68125	1.69165	
0.520593	-0.864463	0.149454	-0.864463	37.2916	-6.41592	0.149454	-6.41592	1.6248	
0.502102	-0.234392	0.0160149	-0.234392	62.0607	-4.64731	0.0160149	-4.64731	0.853165	
2.35494	-12.592	1.6288	-12.592	86.0231	-11.0546	1.6288	-11.0546	1.93035	
13.0453	-51.8528	8.32241	-51.8528	214.826	-34.4007	8.32241	-34.4007	6.02181	
0.874231	-9.58785	1.41907	-9.58785	246.433	-36.4035	1.41907	-36.4035	5.88857	
2.56528	26.093	-5.49732	26.093	330.194	-69.4597	-5.49732	-69.4597	15.1337	
2.28349	16.2011	-3.74953	16.2011	147.697	-34.0713	-3.74953	-34.0713	8.38721	
1.3918	9.69011	-1.56864	9.69011	105.93	-17.0764	-1.56864	-17.0764	3.26644	
8.27372	45.3983	-5.47289	45.3983	265.63	-31.961	-5.47289	-31.961	4.35311	
1.65211	9.81936	-2.10538	9.81936	84.2309	-17.944	-2.10538	-17.944	4.34738	
2.76689	20.5652	-3.86561	20.5652	187.069	-35.068	-3.86561	-35.068	7.09224	
3.12569	22.0164	-4.07514	22.0164	185.115	-34.1737	-4.07514	-34.1737	6.82653	
2.82602	14.1439	-3.39135	14.1439	86.505	-20.6227	-3.39135	-20.6227	5.44727	
3.16774	27.1392	-3.73983	27.1392	276.59	-38.0465	-3.73983	-38.0465	5.74336	
5.4072	40.4637	-3.63543	40.4637	334.156	-29.9771	-3.63543	-29.9771	3.19351	
0.555393	2.41338	-0.357751	2.41338	107.774	-15.863	-0.357751	-15.863	2.84642	
1.6105	21.6791	-1.29808	21.6791	423.735	-25.343	-1.29808	-25.343	2.01755	
2.47584	20.0153	-2.09729	20.0153	203.259	-21.2478	-2.09729	-21.2478	2.72729	
5.5569	44.9876	-6.09647	44.9876	400.723	-54.2363	-6.09647	-54.2363	7.84993	
0.500607	-0.288671	0.0715962	-0.288671	152.498	-37.8294	0.0715962	-37.8294	9.91607	
0.690653	-5.29769	1.17933	-5.29769	148.11	-32.8753	1.17933	-32.8753	7.82253	
2.98159	28.44	-2.99733	28.44	326.437	-34.3515	-2.99733	-34.3515	4.12065	
13.8395	66.8749	-10.7677	66.8749	335.763	-53.9817	-10.7677	-53.9817	9.19195	
2.24023	22.7931	-2.88125	22.7931	299.039	-37.7376	-2.88125	-37.7376	5.27064	
0.551234	-3.58314	0.209519	-3.58314	252.789	-14.7678	0.209519	-14.7678	1.36458	
0.842501	6.85887	-1.12185	6.85887	137.997	-22.4777	-1.12185	-22.4777	4.17555	
1.85534	-8.75643	1.1595	-8.75643	57.1867	-7.51706	1.1595	-7.51706	1.49783	
0.510944	-0.0970197	0.00158741	-0.0970197	6.65168	0.970271	0.00158741	0.970271	0.683339	
3.18425	10.7308	-4.25099	10.7308	43.4342	-16.9981	-4.25099	-16.9981	7.23266	
4.26867	31.2846	-7.69691	31.2846	260.208	-63.8941	-7.69691	-63.8941	16.2197	
1.14814	7.02763	-1.75018	7.02763	76.7614	-19.0038	-1.75018	-19.0038	5.23774	
2.93204	29.0737	-8.99677	29.0737	348.083	-107.558	-8.99677	-107.558	33.7835	
4.46791	34.5347	-11.814	34.5347	301.082	-102.827	-11.814	-102.827	35.6766	
1.29475	12.8009	-4.32911	12.8009	206.711	-69.7418	-4.32911	-69.7418	24.0876	
3.0485	21.09	-5.30334	21.09	175.035	-43.8868	-5.30334	-43.8868	11.5362	
2.74217	21.1546	-5.05521	21.1546	200.097	-47.6989	-5.05521	-47.6989	11.8995	
2.59944	21.7311	-4.78547	21.7311	225.442	-49.5335	-4.78547	-49.5335	11.4081	
2.08368	19.9523	-4.63301	19.9523	251.92	-58.3782	-4.63301	-58.3782	14.0552	
0.635872	5.83015	-1.50862	5.83015	250.693	-64.7372	-1.50862	-64.7372	17.2511	
0.706701	7.54332	-1.64991	7.54332	276.226	-60.3038	-1.64991	-60.3038	13.6891	
0.887353	8.90851	-2.72667	8.90851	205.482	-62.7466	-2.72667	-62.7466	19.7077	
0.80481	4.81273	-1.37766	4.81273	76.5338	-21.7755	-1.37766	-21.7755	6.73884	
0.68286	2.5975	-0.347399	2.5975	38.5654	-5.07027	-0.347399	-5.07027	1.17571	
0.51903	0.952118	0.0135104	0.952118	58.9077	0.769932	0.0135104	0.769932	0.510412	
12.7429	-7.89934	15.4047	-7.89934	5.59884	-9.94517	15.4047	-9.94517	19.8993	
1.5965	20.8925	-5.37543	20.8925	398.612	-102.43	-5.37543	-102.43	26.8541	
1.73265	4.97504	20.117	4.97504	20.5794	81.1928	20.117	81.1928	328.813	
4.44409	5.20171	13.368	5.20171	7.36967	17.6509	13.368	17.6509	45.8535	
2.34055	-2.37989	-1.26996	-2.37989	3.58688	1.62429	-1.26996	1.62429	1.4092	
1.24691	-0.4614	-0.446784	-0.4614	0.827187	0.194844	-0.446784	0.194844	0.923463	
3.48955	-4.84403	0.573063	-4.84403	8.36039	-0.914638	0.573063	-0.914638	0.626696	
1.0699	14.3637	-2.06299	14.3637	362.536	-51.996	-2.06299	-51.996	7.96787	
71.9637	-107.655	16.716	-107.655	162.674	-25.1819	16.716	-25.1819	4.41043	
57.6617	-87.6416	12.1957	-87.6416	134.875	-18.6993	12.1957	-18.6993	3.1028	
50.3701	-126.175	4.08627	-126.175	319.731	-10.3387	4.08627	-10.3387	0.834859	
50.3701	-126.175	4.08627	-126.175	319.731	-10.3387	4.08627	-10.3387	0.834859	
28.0104	-81.8727	2.29848	-81.8727	244.163	-6.84075	2.29848	-6.84075	0.692063	
0.930013	4.65611	1.35293	4.65611	50.9308	14.6616	1.35293	14.6616	4.76672	
1.55646	6.83121	1.42564	6.83121	44.6721	9.21726	1.42564	9.21726	2.42834	
0.590645	1.98218	1.03743	1.98218	44.133	22.801	1.03743	22.801	12.4194	
0.506244	-0.156901	-0.22404	-0.156901	5.81251	7.30904	-0.22404	7.30904	10.5974	
0.506244	-0.156901	-0.22404	-0.156901	5.81251	7.30904	-0.22404	7.30904	10.5974	
1.00528	0.20956	-0.0891345	0.20956	1.01686	-0.201041	-0.0891345	-0.201041	0.578336	
0.556499	0.460691	0.041255	0.460691	7.70356	0.852096	0.041255	0.852096	0.607276	
1.36296	1.4586	0.667207	1.4586	3.06954	1.23008	0.667207	1.23008	1.11642	
6.55007	-14.4481	-2.29859	-14.4481	35.0394	5.49175	-2.29859	5.49175	1.37348	
4.88367	-7.76259	-1.94561	-7.76259	14.2623	3.46058	-1.94561	3.46058	1.37785	
0.937707	-1.72715	1.37553	-1.72715	7.59879	-5.68205	1.37553	-5.68205	5.0508	
0.937707	-1.72715	1.37553	-1.72715	7.59879	-5.68205	1.37553	-5.68205	5.0508	
0.937707	-1.72715	1.37553	-1.72715	7.59879	-5.68205	1.37553	-5.68205	5.0508	
8.08654	4.52739	-0.656564	4.52739	3.20418	-0.399146	-0.656564	-0.399146	0.579355	
113.567	23.3713	-16.4947	23.3713	5.33153	-3.41031	-16.4947	-3.41031	2.90739	
0.604331	0.257678	-0.507499	0.257678	1.38288	-1.45754	-0.507499	-1.45754	3.13767	
6.68939	1.61466	0.957486	1.61466	0.936296	0.268892	0.957486	0.268892	0.672348	
3.10791	6.28917	-0.161579	6.28917	15.6972	-0.406938	-0.161579	-0.406938	0.519823	
3.1261	3.25286	-0.331625	3.25286	4.57704	-0.384392	-0.331625	-0.384392	0.556422	
24.5965	7.16393	-5.59712	7.16393	2.63861	-1.66676	-5.59712	-1.66676	1.80094	
254.047	2.44672	-40.4246	2.44672	0.523978	-0.389909	-40.4246	-0.389909	6.94523	
104.51	18.8824	-10.2049	18.8824	3.92956	-1.85199	-10.2049	-1.85199	1.50153	
2.96625	3.08998	-1.39644	3.08998	4.41959	-1.73368	-1.39644	-1.73368	1.29597	
0.578791	0.203698	0.0509238	0.203698	1.07357	0.279715	0.0509238	0.279715	0.999812	
0.746744	0.545452	-2.60902	0.545452	1.73969	-5.86246	-2.60902	-5.86246	28.3532	
0.505384	0.0751225	-0.059929	0.0751225	1.78794	-0.78962	-0.059929	-0.78962	1.17602	
0.617587	-0.515519	0.184516	-0.515519	2.85154	-0.935301	0.184516	-0.935301	0.96418	
0.598643	-0.165434	-0.144437	-0.165434	0.780147	0.201752	-0.144437	0.201752	1.31893	
3.88122	14.9094	2.33609	14.9094	66.2564	10.2972	2.33609	10.2972	2.11502	
0.794138	1.18235	-0.509777	1.18235	5.26686	-2.08088	-0.509777	-2.08088	1.45481	
118.169	64.6805	-102.313	64.6805	36.0537	-56.2393	-102.313	-56.2393	89.4611	
36.2662	14.2833	-9.45375	14.2833	6.20428	-3.77432	-9.45375	-3.77432	3.00392	
194.211	-21.1568	-1.03528	-21.1568	2.81113	0.112685	-1.03528	0.112685	0.505891	
0.611267	-0.287341	-0.25678	-0.287341	1.34969	0.577031	-0.25678	0.577031	1.16144	
7.30171	3.23665	0.408623	3.23665	2.04769	0.181403	0.408623	0.181403	0.547202	
0.774098	0.206907	-0.926815	0.206907	0.704161	-0.901821	-0.926815	-0.901821	4.4861	
43.5806	102.942	5.19964	102.942	246.48	12.4243	5.19964	12.4243	1.12785	
6.6587	45.5375	-1.64709	45.5375	337.205	-12.1789	-1.64709	-12.1789	0.940741	
6.52748	43.4255	-3.4637	43.4255	313.363	-24.9543	-3.4637	-24.9543	2.49065	
8.61576	56.4403	-3.92168	56.4403	393.009	-27.2731	-3.92168	-27.2731	2.39516	
8.3739	56.5135	-3.47191	56.5135	406.118	-24.9195	-3.47191	-24.9195	2.03101	
9.68908	65.1248	-2.77642	65.1248	462.053	-19.6772	-2.77642	-19.6772	1.33891	
0.816302	0.649367	0.399511	0.649367	2.41045	1.04921	0.399511	1.04921	1.09546	
0.508566	0.0338709	0.0768249	0.0338709	0.826269	0.145459	0.0768249	0.145459	1.31932	
1.25606	3.60412	-6.52511	3.60412	17.7231	-31.1922	-6.52511	-31.1922	56.9938	
1.30905	2.77556	0.97823	2.77556	10.1881	3.37109	0.97823	3.37109	1.68417	
0.58051	0.306275	0.0846014	0.306275	4.43483	1.17426	0.0846014	1.17426	0.851248	
26.2501	22.4802	-1.09717	22.4802	20.1319	-0.960985	-1.09717	-0.960985	0.54832	
40.5782	33.9807	-0.829977	33.9807	29.315	-0.705449	-0.829977	-0.705449	0.517919	
79.1108	6.9106	-10.7728	6.9106	1.10882	-0.948351	-10.7728	-0.948351	1.97762	
0.708062	-0.401953	0.156384	-0.401953	1.28215	-0.266238	0.156384	-0.266238	0.84639	
18.9197	3.01648	1.98096	3.01648	0.994121	0.325689	1.98096	0.325689	0.725644	
11.8438	8.15065	3.50204	8.15065	6.37335	2.51285	3.50204	2.51285	1.58182	
11.3779	25.2761	0.852607	25.2761	59.25	1.97943	0.852607	1.97943	0.566989	
10.4199	32.5537	-1.26104	32.5537	107.338	-4.14131	-1.26104	-4.14131	0.661507	
7.18694	47.2194	-2.10752	47.2194	333.937	-14.8822	-2.10752	-14.8822	1.16447	
9.19882	63.9939	-4.38876	63.9939	471.279	-32.2864	-4.38876	-32.2864	2.71425	
9.00729	62.7034	-4.52156	62.7034	462.66	-33.3265	-4.52156	-33.3265	2.90318	
7.77598	53.9373	-5.16486	53.9373	400.341	-38.2872	-5.16486	-38.2872	4.16633	
8.81435	59.3566	-4.0259	59.3566	424.253	-28.7413	-4.0259	-28.7413	2.4494	
10.5858	70.044	-4.28214	70.044	486.941	-29.7386	-4.28214	-29.7386	2.31807	
7.83739	54.036	-3.80907	54.036	398.446	-28.0518	-3.80907	-28.0518	2.47753	
9.70765	63.5527	-4.28221	63.5527	439.152	-29.5568	-4.28221	-29.5568	2.4916	
10.4182	68.9595	-4.89488	68.9595	479.964	-34.0333	-4.89488	-34.0333	2.91576	
8.70909	56.5325	-5.0911	56.5325	389.816	-35.0601	-5.0911	-35.0601	3.65748	
9.11237	64.0942	-4.29509	64.0942	477.496	-31.9646	-4.29509	-31.9646	2.64203	
7.66098	48.1658	-4.34238	48.1658	324.471	-29.2081	-4.34238	-29.2081	3.13352	
8.02767	52.2134	-4.86638	52.2134	362.663	-33.7541	-4.86638	-33.7541	3.64611	
10.2584	68.3286	-5.31253	68.3286	478.941	-37.1987	-5.31253	-37.1987	3.3922	
10.4764	68.6919	-7.51642	68.6919	473.475	-51.754	-7.51642	-51.754	6.16305	
0.625183	2.79826	-0.128004	2.79826	63.8239	-2.85803	-0.128004	-2.85803	0.630902	
0.542707	2.15051	-0.456488	2.15051	109.165	-23.0415	-0.456488	-23.0415	5.3874	
1.39637	10.0621	-2.17574	10.0621	113.651	-24.4674	-2.17574	-24.4674	5.79075	
42.4531	2.9269	-40.2593	2.9269	0.705397	-2.8106	-40.2593	-2.8106	39.1369	
480.269	-70.4669	4.5124	-70.4669	10.85	-0.662763	4.5124	-0.662763	0.542443	
446.15	-67.3871	8.00484	-67.3871	10.6897	-1.21044	8.00484	-1.21044	0.64381	
7.74397	47.1702	-2.09806	47.1702	307.667	-13.663	-2.09806	-13.663	1.1078	
9.92162	55.9347	-3.44593	55.9347	332.581	-20.4589	-3.44593	-20.4589	1.76053	
9.29963	50.2767	-6.52679	50.2767	287.766	-37.2913	-6.52679	-37.2913	5.34102	
8.66373	55.0471	-5.37503	55.0471	371.679	-36.243	-5.37503	-36.243	4.03897	
9.59268	63.874	-7.16478	63.874	449.201	-50.3312	-7.16478	-50.3312	6.14571	
10.3991	69.0834	-8.06119	69.0834	482.617	-56.2571	-8.06119	-56.2571	7.06452	
7.16011	45.9197	-3.62113	45.9197	317.104	-24.9667	-3.62113	-24.9667	2.46908	
9.60016	65.024	-6.90925	65.024	465.122	-49.3692	-6.90925	-49.3692	5.74582	
10.5998	66.9908	-7.27542	66.9908	444.842	-48.2568	-7.27542	-48.2568	5.74087	
6.71459	41.4721	-3.14077	41.4721	277.259	-20.9589	-3.14077	-20.9589	2.08757	
9.87048	65.1818	-7.12773	65.1818	453.911	-49.5813	-7.12773	-49.5813	5.92182	
9.52909	64.9214	-7.2696	64.9214	467.301	-52.2703	-7.2696	-52.2703	6.353	
9.17754	61.548	-6.39989	61.548	437.047	-45.3932	-6.39989	-45.3932	5.22014	
10.0348	65.1863	-4.11154	65.1863	446.159	-28.1095	-4.11154	-28.1095	2.27301	
28.9487	-2.46947	-1.24475	-2.46947	0.720538	0.104504	-1.24475	0.104504	0.556496	
10.4963	67.2936	-4.56652	67.2936	453.512	-30.7413	-4.56652	-30.7413	2.5861	
9.22364	55.6901	-1.62155	55.6901	356.018	-10.3523	-1.62155	-10.3523	0.801572	
9.77929	61.1614	-5.52522	61.1614	403.625	-36.4176	-5.52522	-36.4176	3.79	
10.3878	67.1789	-7.38874	67.1789	456.922	-50.2002	-7.38874	-50.2002	6.02135	
7.25989	50.1511	-4.40463	50.1511	372.568	-32.6779	-4.40463	-32.6779	3.37017	
7.75174	55.5723	-3.99936	55.5723	426.367	-30.6483	-3.99936	-30.6483	2.70574	
0.65436	-0.141709	-1.43468	-0.141709	0.630265	1.32991	-1.43468	1.32991	14.7966	
1.55994	8.56858	-1.1021	8.56858	69.7831	-8.91771	-1.1021	-8.91771	1.65062	
6.35673	41.123	-3.41287	41.123	289.245	-23.9631	-3.41287	-23.9631	2.48906	
0.729879	3.63323	-0.375443	3.63323	58.5816	-6.02933	-0.375443	-6.02933	1.12702	
3.99991	16.1094	-1.59016	16.1094	74.6843	-7.3164	-1.59016	-7.3164	1.2227	
16.1985	57.7403	-5.58504	57.7403	212.876	-20.5414	-5.58504	-20.5414	2.48721	
11.1259	49.7481	-4.60798	49.7481	233.411	-21.5734	-4.60798	-21.5734	2.49875	
0.961492	12.0673	-1.7158	12.0673	316.088	-44.8751	-1.7158	-44.8751	6.88123	
3.66477	38.797	-3.81464	38.797	476.113	-46.7637	-3.81464	-46.7637	5.09796	
4.91185	35.2355	-3.47136	35.2355	281.931	-27.7272	-3.47136	-27.7272	3.23179	
9.2255	65.1052	-6.48476	65.1052	486.282	-48.386	-6.48476	-48.386	5.31946	
5.09659	33.4147	-2.73501	33.4147	243.406	-19.8819	-2.73501	-19.8819	2.12784	
50.7532	130.212	9.29125	130.212	337.892	24.0747	9.29125	24.0747	2.21799	
0.828789	10.9163	-2.15718	10.9163	363.022	-71.6408	-2.15718	-71.6408	14.6576	
0.526897	-2.10196	0.0444469	-2.10196	170.536	-3.57752	0.0444469	-3.57752	0.575324	
1.33751	13.2211	1.39964	13.2211	209.271	22.0962	1.39964	22.0962	2.83911	
0.581247	3.13642	0.403837	3.13642	123.799	15.8833	0.403837	15.8833	2.54609	
4.82934	41.0661	1.44012	41.0661	390.036	13.6599	1.44012	13.6599	0.979112	
6.43412	20.4954	-2.26449	20.4954	71.3043	-7.82773	-2.26449	-7.82773	1.36676	
6.4665	20.9969	-2.21642	20.9969	74.4144	-7.80662	-2.21642	-7.80662	1.32528	
2.40089	9.11011	-0.93591	9.11011	44.1623	-4.48836	-0.93591	-4.48836	0.966271	
0.571802	1.56589	0.0910657	1.56589	36.9626	2.18628	0.0910657	2.18628	0.63284	
0.572232	2.20057	-0.0420637	2.20057	67.775	-1.25963	-0.0420637	-1.25963	0.52654	
13.1093	56.824	6.57205	56.824	256.579	29.6171	6.57205	29.6171	3.92583	
2.24057	11.4846	-0.779301	11.4846	76.2936	-5.1491	-0.779301	-5.1491	0.852154	
2.66092	15.0138	-2.3274	15.0138	104.882	-16.1756	-2.3274	-16.1756	3.0071	
0.838894	7.63792	-1.88367	7.63792	172.815	-42.4867	-1.88367	-42.4867	10.9763	
5.72896	27.7563	-4.51967	27.7563	147.867	-23.9971	-4.51967	-23.9971	4.40766	
14.0394	43.5338	-10.651	43.5338	140.484	-34.2469	-10.651	-34.2469	8.87883	
37.9008	123.601	-10.8158	123.601	408.976	-35.7437	-10.8158	-35.7437	3.62779	
13.9485	37.9316	-4.42594	37.9316	107.5	-12.4855	-4.42594	-12.4855	1.95691	
0.925927	0.82347	-0.0240437	0.82347	2.67167	-0.0415386	-0.0240437	-0.0415386	0.501399	
1.12613	2.46662	0.700587	2.46662	10.527	2.87501	0.700587	2.87501	1.32663	
0.683641	-1.18808	-0.0291604	-1.18808	8.45844	0.112981	-0.0291604	0.112981	0.525678	
0.546209	-0.262707	0.0408136	-0.262707	2.96311	-0.735005	0.0408136	-0.735005	0.796971	
205.316	-22.1928	3.98478	-22.1928	2.90497	-0.431427	3.98478	-0.431427	0.577961	
230.704	-27.0073	8.86606	-27.0073	3.66899	-1.03999	8.86606	-1.03999	0.841523	
383.051	-47.6271	13.8912	-47.6271	6.42961	-1.72938	13.8912	-1.72938	1.00445	
95.0406	-33.7214	20.1507	-33.7214	12.5282	-7.18813	20.1507	-7.18813	4.79667	
14.6387	-18.1459	2.57471	-18.1459	23.8047	-3.30662	2.57471	-3.30662	0.969166	
0.930658	-5.46908	0.325402	-5.46908	70.4202	-4.15078	0.325402	-4.15078	0.746596	
9.91855	67.3119	-0.791916	67.3119	481.562	-5.65965	-0.791916	-5.65965	0.566587	
5.02134	36.7169	-1.07634	36.7169	298.692	-8.74165	-1.07634	-8.74165	0.756269	
46.7754	-25.8346	-22.0958	-25.8346	14.9268	12.3367	-22.0958	12.3367	11.0507	
51.1384	-29.4291	-24.8125	-29.4291	17.6064	14.4215	-24.8125	14.4215	12.6586	
12.4623	-7.00751	-6.03322	-7.00751	4.61806	3.54374	-6.03322	3.54374	3.54975	
1.24118	0.257733	0.591794	0.257733	0.708206	0.109363	0.591794	0.109363	1.05093	
1.24118	0.257733	0.591794	0.257733	0.708206	0.109363	0.591794	0.109363	1.05093	
1.33106	0.271617	0.653877	0.271617	0.665256	0.119956	0.653877	0.119956	1.12939	
2.54468	-1.31103	3.49026	-1.31103	1.37179	-2.23891	3.49026	-2.23891	6.45789	
1.84894	0.216181	2.4384	0.216181	0.537244	0.412378	2.4384	0.412378	5.08733	
0.877996	-0.626771	0.935483	-0.626771	1.54839	-1.52198	0.935483	-1.52198	2.90867	
0.909317	-0.552167	-0.67498	-0.552167	1.29489	1.04493	-0.67498	1.04493	1.97414	
0.920524	-0.282139	-1.44747	-0.282139	0.749568	1.10445	-1.44747	1.10445	5.77712	
67.5657	-97.2607	-65.9584	-97.2607	141.551	95.6557	-65.9584	95.6557	65.3702	
43.7529	-26.5054	71.3459	-26.5054	16.7433	-43.7204	71.3459	-43.7204	118.186	
2.46794	-0.501271	-0.989719	-0.501271	0.629392	0.238197	-0.989719	0.238197	1.11081	
1.22125	-0.297263	1.38657	-0.297263	0.6226	-0.576476	1.38657	-0.576476	3.46549	
5.72814	-0.773414	-2.0043	-0.773414	0.614491	0.298394	-2.0043	0.298394	1.31463	
0.876623	-0.208072	-0.246041	-0.208072	0.615594	0.118093	-0.246041	0.118093	1.15655	
2.02142	-1.06621	0.408118	-1.06621	1.2586	-0.321461	0.408118	-0.321461	0.719642	
2.11123	-0.499059	-3.85109	-0.499059	0.656824	1.17756	-3.85109	1.17756	9.80849	
3.31898	2.72531	6.35543	2.72531	3.14665	6.17369	6.35543	6.17369	14.9013	
2.05796	-0.254117	2.39406	-0.254117	0.584316	-0.42757	2.39406	-0.42757	4.21092	
0.781729	-0.377813	1.26079	-0.377813	1.10094	-1.8336	1.26079	-1.8336	6.35863	
0.96157	0.420946	-1.83161	0.420946	0.937427	-1.75331	-1.83161	-1.75331	7.89665	
