0.814074	-0.387101	0.0363917	-0.387101	0.194049	0.0757682	0.0363917	0.0757682	0.992877	
0.864525	0.279569	-0.197046	0.279569	0.423074	0.406628	-0.197046	0.406628	0.7134	
0.999451	0.0156813	-0.0173789	0.0156813	0.551909	0.4966	-0.0173789	0.4966	0.44964	
0.864525	0.279569	-0.197046	0.279569	0.423074	0.406628	-0.197046	0.406628	0.7134	
0.370389	-0.429412	0.219492	-0.429412	0.70713	0.149699	0.219492	0.149699	0.923482	
0.251315	-0.257803	0.347771	-0.257803	0.911228	0.119752	0.347771	0.119752	0.838457	
0.917613	-0.0465838	0.270827	-0.0465838	0.97366	0.153132	0.270827	0.153132	0.109727	
0.406615	-0.332095	-0.361108	-0.332095	0.81414	-0.202098	-0.361108	-0.202098	0.780246	
0.592368	-0.477233	-0.115367	-0.477233	0.441283	-0.135065	-0.115367	-0.135065	0.967349	
0.618378	-0.479422	0.0758883	-0.479422	0.397713	0.0953368	0.0758883	0.0953368	0.984909	
0.232612	-0.252137	0.33788	-0.252137	0.917157	0.111016	0.33788	0.111016	0.851232	
0.971823	-0.0384524	0.160861	-0.0384524	0.947525	0.219522	0.160861	0.219522	0.0816518	
0.0912737	-0.226093	-0.17583	-0.226093	0.943748	-0.0437468	-0.17583	-0.0437468	0.965979	
0.540139	-0.375721	0.326746	-0.375721	0.693024	0.266962	0.326746	0.266962	0.767837	
0.920629	-0.270149	0.00340548	-0.270149	0.0805174	0.0115909	0.00340548	0.0115909	0.999854	
0.997268	0.00101262	0.0521586	0.00101262	0.999625	-0.0193345	0.0521586	-0.0193345	0.0041071	
0.999502	-0.0222284	0.00175578	-0.0222284	0.00768911	0.078381	0.00175578	0.078381	0.993809	
0.995075	-0.0328795	0.0617676	-0.0328795	0.780516	0.412323	0.0617676	0.412323	0.225409	
0.990256	0.0440426	-0.0877486	0.0440426	0.800934	0.396611	-0.0877486	0.396611	0.209811	
0.994339	0.0149446	-0.0734865	0.0149446	0.96055	0.193988	-0.0734865	0.193988	0.0461116	
0.963596	-0.18672	-0.0133594	-0.18672	0.042307	-0.0685208	-0.0133594	-0.0685208	0.995097	
0.941858	-0.15975	0.170831	-0.15975	0.561071	0.469373	0.170831	0.469373	0.49807	
0.434842	-0.318959	0.378754	-0.318959	0.819989	0.213758	0.378754	0.213758	0.74617	
0.202466	-0.117499	0.383236	-0.117499	0.982689	0.0564614	0.383236	0.0564614	0.815845	
0.988003	0.0385706	0.101753	0.0385706	0.875997	-0.32713	0.101753	-0.32713	0.137	
0.0437174	-0.0170667	-0.201392	-0.0170667	0.999695	-0.00359422	-0.201392	-0.00359422	0.957587	
0.378064	-0.484253	-0.00294359	-0.484253	0.62295	-0.00229195	-0.00294359	-0.00229195	0.999986	
0.730388	-0.435975	-0.0811037	-0.435975	0.295009	-0.131148	-0.0811037	-0.131148	0.975603	
0.956454	-0.203959	-0.00253696	-0.203959	0.0446935	-0.0118826	-0.00253696	-0.0118826	0.999852	
0.976016	-0.152465	0.0117959	-0.152465	0.0307855	0.0749858	0.0117959	0.0749858	0.994199	
0.982283	-0.131527	0.00927749	-0.131527	0.0235753	0.0688736	0.00927749	0.0688736	0.995142	
0.979724	-0.140497	0.0102679	-0.140497	0.0264758	0.0711477	0.0102679	0.0711477	0.9948	
0.979757	-0.140477	0.00890296	-0.140477	0.0251586	0.0617822	0.00890296	0.0617822	0.996084	
0.980293	-0.138829	0.00500969	-0.138829	0.0219801	0.0352922	0.00500969	0.0352922	0.998726	
0.980587	-0.137823	0.0046729	-0.137823	0.021538	0.0331749	0.0046729	0.0331749	0.998875	
0.617237	-0.367503	-0.317512	-0.367503	0.647147	-0.304854	-0.317512	-0.304854	0.736615	
0.911936	-0.275923	-0.0639311	-0.275923	0.135475	-0.20031	-0.0639311	-0.20031	0.953588	
0.958087	-0.197899	-0.0308242	-0.197899	0.0655821	-0.145542	-0.0308242	-0.145542	0.977331	
0.920852	-0.269821	0.000892562	-0.269821	0.0801579	0.00304282	0.000892562	0.00304282	0.99999	
0.981804	-0.130977	-0.0263068	-0.130977	0.0572286	-0.189356	-0.0263068	-0.189356	0.961968	
0.53937	-0.496355	0.0402652	-0.496355	0.46515	0.043388	0.0402652	0.043388	0.99648	
0.520706	-0.495583	0.0590677	-0.495583	0.487573	0.0610752	0.0590677	0.0610752	0.992721	
0.489458	-0.497944	0.0378158	-0.497944	0.514343	0.0368827	0.0378158	0.0368827	0.997199	
0.911469	0.143012	-0.245259	0.143012	0.768981	0.396189	-0.245259	0.396189	0.32055	
0.0975216	-0.162934	-0.246092	-0.162934	0.970584	-0.0444295	-0.246092	-0.0444295	0.932895	
0.200507	-0.371889	-0.145613	-0.371889	0.827014	-0.0677326	-0.145613	-0.0677326	0.973479	
0.868091	-0.336271	-0.0360324	-0.336271	0.142751	-0.0918566	-0.0360324	-0.0918566	0.990157	
0.607009	-0.475422	0.110138	-0.475422	0.424858	0.133239	0.110138	0.133239	0.969133	
0.978096	-0.145817	0.0118272	-0.145817	0.0292903	0.078734	0.0118272	0.078734	0.993614	
0.978306	-0.1451	0.0121522	-0.1451	0.0295012	0.0812794	0.0121522	0.0812794	0.993193	
0.97974	-0.139979	0.0153389	-0.139979	0.0328732	0.105978	0.0153389	0.105978	0.988387	
0.980401	-0.138169	0.0102456	-0.138169	0.0259552	0.0722283	0.0102456	0.0722283	0.994644	
0.981087	-0.135374	0.0145055	-0.135374	0.0310382	0.103825	0.0145055	0.103825	0.988875	
0.978833	-0.142813	0.01738	-0.142813	0.0364374	0.117263	0.01738	0.117263	0.985729	
0.98001	-0.139105	0.0148494	-0.139105	0.0320208	0.103331	0.0148494	0.103331	0.988969	
0.981485	-0.134114	0.0129081	-0.134114	0.0285139	0.0935026	0.0129081	0.0935026	0.991001	
0.979438	-0.141025	0.0151715	-0.141025	0.032756	0.104057	0.0151715	0.104057	0.988806	
0.978695	-0.143639	0.0140581	-0.143639	0.0315812	0.0947804	0.0140581	0.0947804	0.990724	
0.980789	-0.136708	0.0115535	-0.136708	0.0271592	0.0822169	0.0115535	0.0822169	0.993052	
0.97765	-0.147074	0.0140371	-0.147074	0.0321658	0.0923725	0.0140371	0.0923725	0.991184	
0.977013	-0.149071	0.0146071	-0.149071	0.0332691	0.0947278	0.0146071	0.0947278	0.990718	
0.979052	-0.142401	0.0144965	-0.142401	0.0319798	0.098545	0.0144965	0.098545	0.989968	
0.977248	-0.14812	0.0164963	-0.14812	0.0357126	0.107394	0.0164963	0.107394	0.988039	
0.978307	-0.144762	0.015637	-0.144762	0.0339645	0.10435	0.015637	0.10435	0.988728	
0.999998	-0.00136313	0.000107274	-0.00136313	0.00715072	0.0781338	0.000107274	0.0781338	0.993851	
0.998688	-0.0349251	0.00946633	-0.0349251	0.0705925	0.251913	0.00946633	0.251913	0.93172	
0.999081	-0.0295915	0.00643815	-0.0295915	0.0470284	0.207336	0.00643815	0.207336	0.95489	
0.425254	-0.00308384	0.49379	-0.00308384	0.999983	0.00264947	0.49379	0.00264947	0.575762	
0.0232255	0.147178	-0.00693305	0.147178	0.977824	0.00104465	-0.00693305	0.00104465	0.999951	
0.999979	-0.00308168	0.00337132	-0.00308168	0.545259	0.497481	0.00337132	0.497481	0.455762	
0.0670694	0.107876	-0.223609	0.107876	0.987526	0.0258561	-0.223609	0.0258561	0.946404	
0.982875	-0.129479	0.00705562	-0.129479	0.021032	0.0533463	0.00705562	0.0533463	0.997093	
0.976695	-0.149743	0.0177677	-0.149743	0.0378512	0.114163	0.0177677	0.114163	0.986454	
0.976304	-0.151262	0.0151871	-0.151262	0.0344296	0.0969458	0.0151871	0.0969458	0.990266	
0.980404	-0.137778	0.0144686	-0.137778	0.0312787	0.101729	0.0144686	0.101729	0.989317	
0.977351	-0.147965	0.0148175	-0.147965	0.0333428	0.0968028	0.0148175	0.0968028	0.990306	
0.978695	-0.143583	0.0146346	-0.143583	0.0323579	0.0986265	0.0146346	0.0986265	0.989948	
0.980037	-0.139314	0.0116544	-0.139314	0.0277666	0.0813329	0.0116544	0.0813329	0.993196	
0.978873	-0.143153	0.0129174	-0.143153	0.030025	0.0875253	0.0129174	0.0875253	0.992102	
0.978193	-0.145501	0.0118141	-0.145501	0.0292076	0.0788246	0.0118141	0.0788246	0.9936	
0.97778	-0.14665	0.014076	-0.14665	0.0321371	0.0928992	0.014076	0.0928992	0.991083	
0.978092	-0.145709	0.0132347	-0.145709	0.0309032	0.0880228	0.0132347	0.0880228	0.992005	
0.980266	-0.138379	0.0132866	-0.138379	0.0296799	0.0931662	0.0132866	0.0931662	0.991055	
0.978992	-0.142408	0.0162979	-0.142408	0.0346518	0.11048	0.0162979	0.11048	0.987356	
0.983526	-0.126449	0.0140218	-0.126449	0.0294085	0.107628	0.0140218	0.107628	0.988065	
0.041215	0.171976	0.0947726	0.171976	0.969153	-0.0169992	0.0947726	-0.0169992	0.990632	
0.980935	-0.136362	0.00938842	-0.136362	0.0246886	0.0671493	0.00938842	0.0671493	0.995377	
0.976553	-0.150162	0.0180218	-0.150162	0.0382988	0.115419	0.0180218	0.115419	0.986148	
0.977179	-0.148526	0.0147326	-0.148526	0.0333317	0.0958861	0.0147326	0.0958861	0.990489	
0.978884	-0.143112	0.012948	-0.143112	0.0300553	0.0877558	0.012948	0.0877558	0.99206	
0.98321	-0.127614	0.0143429	-0.127614	0.0300424	0.109016	0.0143429	0.109016	0.987747	
0.984543	-0.118658	0.0335042	-0.118658	0.0890815	0.257207	0.0335042	0.257207	0.927375	
0.980809	-0.136652	0.0113944	-0.136652	0.0269563	0.081135	0.0113944	0.081135	0.993235	
0.997167	0.00324972	-0.0530255	0.00324972	0.996272	0.0608228	-0.0530255	0.0608228	0.00756071	
0.981144	-0.135729	0.00768902	-0.135729	0.0229912	0.0553474	0.00768902	0.0553474	0.996865	
0.982097	-0.132325	0.00740743	-0.132325	0.021968	0.0547493	0.00740743	0.0547493	0.996935	
0.986102	-0.116872	-0.00562342	-0.116872	0.0171731	-0.0472899	-0.00562342	-0.0472899	0.997725	
0.941104	-0.234775	0.0157642	-0.234775	0.0641151	0.0628407	0.0157642	0.0628407	0.995781	
0.95795	-0.200242	0.0119565	-0.200242	0.0464496	0.0569368	0.0119565	0.0569368	0.9966	
0.986	-0.116575	0.0141369	-0.116575	0.0292751	0.117719	0.0141369	0.117719	0.985724	
0.995513	-0.0662302	0.00871759	-0.0662302	0.0224239	0.128674	0.00871759	0.128674	0.983063	
0.987862	-0.108771	0.0121526	-0.108771	0.0253052	0.108899	0.0121526	0.108899	0.987833	
0.978487	-0.144537	0.0117431	-0.144537	0.0289232	0.0788964	0.0117431	0.0788964	0.99359	
0.982452	-0.130395	0.0148279	-0.130395	0.0310775	0.110182	0.0148279	0.110182	0.987471	
0.993981	-0.076306	0.0124231	-0.076306	0.0326595	0.157489	0.0124231	0.157489	0.97436	
0.867467	-0.338401	-0.0178984	-0.338401	0.13595	-0.0457004	-0.0178984	-0.0457004	0.997583	
0.868543	-0.337219	-0.0181109	-0.337219	0.134952	-0.0464587	-0.0181109	-0.0464587	0.997505	
0.999208	0.0280994	-0.00101533	0.0280994	0.00309361	0.0360217	-0.00101533	0.0360217	0.998698	
0.999963	-0.00610961	-0.00019175	-0.00610961	0.00202043	-0.0313215	-0.00019175	-0.0313215	0.999017	
0.994407	-0.0743986	-0.00457949	-0.0743986	0.0103426	-0.0609169	-0.00457949	-0.0609169	0.99625	
0.983471	-0.127411	0.0024144	-0.127411	0.0178818	0.0186108	0.0024144	0.0186108	0.999647	
0.949645	-0.217169	0.0246301	-0.217169	0.0634021	0.106224	0.0246301	0.106224	0.987953	
0.95994	-0.192496	-0.0368856	-0.192496	0.0750228	-0.177242	-0.0368856	-0.177242	0.966037	
0.990452	-0.096267	-0.013411	-0.096267	0.0293849	-0.135216	-0.013411	-0.135216	0.981163	
0.998595	-0.0373361	0.00273975	-0.0373361	0.00774787	0.0728121	0.00273975	0.0728121	0.994657	
0.937084	-0.234124	0.0638807	-0.234124	0.128776	0.237713	0.0638807	0.237713	0.93514	
0.919814	-0.262459	0.0692217	-0.262459	0.140943	0.22657	0.0692217	0.22657	0.940244	
0.981299	-0.132527	0.0277302	-0.132527	0.0608201	0.196515	0.0277302	0.196515	0.958881	
0.982682	-0.128669	0.0210889	-0.128669	0.043999	0.156689	0.0210889	0.156689	0.974319	
0.952125	-0.205445	0.0576808	-0.205445	0.11837	0.247527	0.0576808	0.247527	0.930504	
0.883241	-0.314094	0.0659843	-0.314094	0.155049	0.177506	0.0659843	0.177506	0.96271	
0.919007	-0.271867	0.0209893	-0.271867	0.0874322	0.0704543	0.0209893	0.0704543	0.994561	
0.921959	-0.266088	0.0327098	-0.266088	0.0927511	0.111527	0.0327098	0.111527	0.98629	
0.067381	0.223304	-0.109743	0.223304	0.946533	0.0262766	-0.109743	0.0262766	0.987086	
0.299283	0.3144	-0.33191	0.3144	0.858934	0.148923	-0.33191	0.148923	0.842783	
0.997237	0.0500719	0.0156774	0.0500719	0.0927056	-0.284072	0.0156774	-0.284072	0.911058	
0.490009	-0.498302	0.0329513	-0.498302	0.51312	0.0321961	0.0329513	0.0321961	0.997871	
0.861847	-0.344705	0.0103523	-0.344705	0.139929	0.02583	0.0103523	0.02583	0.999224	
0.0151225	0.0998022	-0.062837	0.0998022	0.989887	0.00636757	-0.062837	0.00636757	0.995991	
0.0145049	0.10271	-0.0525317	0.10271	0.989295	0.00547496	-0.0525317	0.00547496	0.9972	
0.182486	0.311467	-0.226618	0.311467	0.881333	0.0863398	-0.226618	0.0863398	0.937181	
0.917482	0.255799	-0.100963	0.255799	0.207049	0.312975	-0.100963	0.312975	0.87647	
0.954486	0.202886	-0.0472614	0.202886	0.0955899	0.210678	-0.0472614	0.210678	0.950924	
0.98195	-0.133046	0.00212015	-0.133046	0.0192987	0.0156279	0.00212015	0.0156279	0.999751	
0.817089	0.166011	-0.348872	0.166011	0.849326	0.31664	-0.348872	0.31664	0.334584	
0.416565	0.393187	0.29641	0.393187	0.735024	-0.199756	0.29641	-0.199756	0.849411	
0.460638	0.40913	0.283768	0.40913	0.689657	-0.21525	0.283768	-0.21525	0.850705	
0.433611	0.390295	0.30446	0.390295	0.73105	-0.209802	0.30446	-0.209802	0.836338	
0.962302	-0.189576	0.01734	-0.189576	0.0466743	0.0871984	0.01734	0.0871984	0.992024	
0.692166	0.133621	-0.441486	0.133621	0.942	0.191635	-0.441486	0.191635	0.366835	
0.561448	-0.104578	-0.484612	-0.104578	0.975062	-0.115562	-0.484612	-0.115562	0.46449	
0.99928	-0.00927912	-0.0251526	-0.00927912	0.880413	-0.324161	-0.0251526	-0.324161	0.121307	
0.515172	-0.032209	-0.498244	-0.032209	0.99786	-0.0331004	-0.498244	-0.0331004	0.487967	
0.834956	0.189372	-0.319026	0.189372	0.782714	0.366052	-0.319026	0.366052	0.383331	
0.989569	0.0168618	-0.100137	0.0168618	0.972742	0.161874	-0.100137	0.161874	0.0386885	
0.933029	-0.0548278	-0.243747	-0.0548278	0.955113	-0.199552	-0.243747	-0.199552	0.112857	
0.944302	0.17661	0.146111	0.17661	0.439991	-0.463301	0.146111	-0.463301	0.616707	
0.996795	0.00565652	-0.0562099	0.00565652	0.990017	0.0992043	-0.0562099	0.0992043	0.0141882	
0.0913618	0.280361	0.0591936	0.280361	0.913494	-0.0182642	0.0591936	-0.0182642	0.996144	
0.320867	0.223178	0.409175	0.223178	0.926659	-0.134463	0.409175	-0.134463	0.753474	
0.264851	0.216018	-0.383805	0.216018	0.936525	0.112778	-0.383805	0.112778	0.799624	
0.999984	-0.000135267	0.00401945	-0.000135267	0.99887	0.0335809	0.00401945	0.0335809	0.00214629	
0.952148	0.000262012	0.213341	0.000262012	0.999999	-0.00116813	0.213341	-0.00116813	0.0488537	
0.891777	0.0854991	-0.298484	0.0854991	0.932454	0.23581	-0.298484	0.23581	0.17677	
0.826056	0.154611	-0.345845	0.154611	0.862572	0.307407	-0.345845	0.307407	0.312371	
0.519297	-0.0691956	-0.494327	-0.0691956	0.99004	-0.0711567	-0.494327	-0.0711567	0.491663	
0.920312	-0.00916027	-0.270508	-0.00916027	0.998947	-0.0310952	-0.270508	-0.0310952	0.0817413	
0.536426	0.0895893	-0.490085	0.0895893	0.982686	0.0947128	-0.490085	0.0947128	0.481887	
0.402504	0.153111	-0.465246	0.153111	0.960765	0.119221	-0.465246	0.119221	0.637732	
0.737882	0.227547	-0.375995	0.227547	0.802464	0.326405	-0.375995	0.326405	0.460654	
0.941396	0.0225073	0.233676	0.0225073	0.991356	-0.089745	0.233676	-0.089745	0.0682482	
0.999843	0.00878343	-0.00892865	0.00878343	0.508768	0.499354	-0.00892865	0.499354	0.492389	
0.999447	-0.00635609	0.022623	-0.00635609	0.926952	0.259997	0.022623	0.259997	0.0746009	
0.0993198	0.297263	-0.013762	0.297263	0.90189	0.00454205	-0.013762	0.00454205	0.99979	
0.0185096	-0.0399493	-0.124858	-0.0399493	0.998374	-0.00508206	-0.124858	-0.00508206	0.984116	
0.18896	0.252371	-0.297912	0.252371	0.92147	0.0927012	-0.297912	0.0927012	0.890571	
0.249412	0.393627	-0.177518	0.393627	0.793572	0.0930947	-0.177518	0.0930947	0.958016	
0.595	0.435655	-0.225333	0.435655	0.531371	0.242389	-0.225333	0.242389	0.874629	
0.97065	0.0310143	-0.165825	0.0310143	0.967228	0.175225	-0.165825	0.175225	0.0631229	
0.568964	0.00753604	0.494728	0.00753604	0.999868	-0.00864962	0.494728	-0.00864962	0.432168	
0.546844	0.240025	0.435592	0.240025	0.872865	-0.230722	0.435592	-0.230722	0.581291	
0.818206	0.123958	0.364962	0.123958	0.915477	-0.248854	0.364962	-0.248854	0.267317	
0.995368	0.0445827	0.0511698	0.0445827	0.570899	-0.4925	0.0511698	-0.4925	0.434733	
0.818206	0.123958	0.364962	0.123958	0.915477	-0.248854	0.364962	-0.248854	0.267317	
0.928766	0.253395	-0.043353	0.253395	0.0986185	0.154216	-0.043353	0.154216	0.973615	
0.0453919	0.159874	-0.129682	0.159874	0.973225	0.0217185	-0.129682	0.0217185	0.982383	
0.0453919	0.159874	-0.129682	0.159874	0.973225	0.0217185	-0.129682	0.0217185	0.982383	
0.0974555	0.242664	-0.167838	0.242664	0.934756	0.045126	-0.167838	0.045126	0.968789	
0.999216	0.026466	0.00908058	0.026466	0.106918	-0.30642	0.00908058	-0.30642	0.894866	
0.999103	-0.0299188	-6.07013e-05	-0.0299188	0.00190095	-0.00202501	-6.07013e-05	-0.00202501	0.999996	
0.883528	-0.21136	-0.241074	-0.21136	0.616449	-0.437474	-0.241074	-0.437474	0.501023	
0.892295	-0.152503	-0.269704	-0.152503	0.784067	-0.381881	-0.269704	-0.381881	0.324638	
0.863513	-0.131759	-0.316799	-0.131759	0.872805	-0.305824	-0.316799	-0.305824	0.264682	
0.896787	-0.107533	-0.284418	-0.107533	0.887966	-0.296322	-0.284418	-0.296322	0.216247	
0.896787	-0.107533	-0.284418	-0.107533	0.887966	-0.296322	-0.284418	-0.296322	0.216247	
0.823629	-0.177072	-0.337244	-0.177072	0.822224	-0.338584	-0.337244	-0.338584	0.355146	
0.979286	0.141856	0.0118785	0.141856	0.0285258	-0.0813473	0.0118785	-0.0813473	0.993188	
0.91508	0.10819	0.256746	0.10819	0.862162	-0.327102	0.256746	-0.327102	0.223758	
0.958029	0.0720967	0.187001	0.0720967	0.876154	-0.321227	0.187001	-0.321227	0.166817	
0.958029	0.0720967	0.187001	0.0720967	0.876154	-0.321227	0.187001	-0.321227	0.166817	
0.999997	0.000651296	0.00160336	0.000651296	0.858508	-0.348325	0.00160336	-0.348325	0.142495	
0.997971	0.00765334	0.0443185	0.00765334	0.97113	-0.167181	0.0443185	-0.167181	0.0318992	
0.999582	0.00784958	0.018856	0.00784958	0.852508	-0.354301	0.018856	-0.354301	0.14891	
0.998737	-0.0105452	-0.033892	-0.0105452	0.911936	-0.283036	-0.033892	-0.283036	0.0903265	
0.996546	0.0585468	0.0033009	0.0585468	0.00760859	-0.0559515	0.0033009	-0.0559515	0.996845	
0.995072	0.0697202	-0.0061937	0.0697202	0.0137122	0.0876183	-0.0061937	0.0876183	0.992216	
0.983585	0.0219457	0.125092	0.0219457	0.970661	-0.167234	0.125092	-0.167234	0.0467543	
0.999003	0.0315302	-0.00107792	0.0315302	0.00316236	0.0340789	-0.00107792	0.0340789	0.998835	
0.998011	0.0439588	-0.00714728	0.0439588	0.0286672	0.157929	-0.00714728	0.157929	0.974322	
0.996243	0.0597113	-0.0131736	0.0597113	0.0509505	0.20938	-0.0131736	0.20938	0.953806	
0.998596	0.0352953	-0.0124609	0.0352953	0.112966	0.313165	-0.0124609	0.313165	0.889438	
0.996949	0.0523339	-0.017321	0.0523339	0.102379	0.297087	-0.017321	0.297087	0.901673	
0.999877	0.0108279	-0.00245042	0.0108279	0.0497877	0.215038	-0.00245042	0.215038	0.951336	
0.999969	-0.00528314	0.00161786	-0.00528314	0.0866798	0.279688	0.00161786	0.279688	0.914351	
0.999928	-0.00807034	0.00266699	-0.00807034	0.0994232	0.297611	0.00266699	0.297611	0.901649	
0.999848	0.0115907	-0.00413041	0.0115907	0.113702	0.315837	-0.00413041	0.315837	0.88745	
0.998777	0.032626	-0.0124684	0.032626	0.129375	0.332719	-0.0124684	0.332719	0.872848	
0.998438	0.0376237	-0.011942	0.0376237	0.0938535	0.287617	-0.011942	0.287617	0.908709	
0.999844	-0.0119195	0.00372128	-0.0119195	0.0898662	0.284144	0.00372128	0.284144	0.91129	
0.999993	-0.00245025	0.000850018	-0.00245025	0.108318	0.309334	0.000850018	0.309334	0.892689	
0.999803	-0.0134543	0.00399388	-0.0134543	0.0820829	0.272482	0.00399388	0.272482	0.919114	
0.999114	0.0285806	-0.00818679	0.0285806	0.0775719	0.264226	-0.00818679	0.264226	0.924314	
0.997017	0.0523218	-0.0152873	0.0523218	0.0823239	0.268126	-0.0152873	0.268126	0.921659	
0.987187	0.101841	-0.0475908	0.101841	0.190572	0.37825	-0.0475908	0.37825	0.823241	
0.697135	0.159973	0.430399	0.159973	0.915502	-0.227337	0.430399	-0.227337	0.388363	
0.915465	-0.14192	0.239087	-0.14192	0.761738	0.40139	0.239087	0.40139	0.323797	
0.987475	-0.065784	0.0895994	-0.065784	0.654488	0.470596	0.0895994	0.470596	0.359037	
0.99895	0.0296113	-0.0130808	0.0296113	0.164996	0.368864	-0.0130808	0.368864	0.837054	
0.996743	0.0499016	-0.0274363	0.0499016	0.23539	0.420389	-0.0274363	0.420389	0.768867	
0.997988	0.040331	-0.0194783	0.040331	0.191578	0.390437	-0.0194783	0.390437	0.811434	
0.999588	0.0183595	-0.0086488	0.0183595	0.18277	0.384981	-0.0086488	0.384981	0.818643	
0.997457	0.0443672	-0.0237867	0.0443672	0.226016	0.414958	-0.0237867	0.414958	0.777528	
0.999979	-0.00387867	0.00246567	-0.00387867	0.288534	0.452278	0.00246567	0.452278	0.712487	
0.996718	-0.0474441	0.0318957	-0.0474441	0.314225	0.461033	0.0318957	0.461033	0.690057	
0.999507	-0.0200074	0.00960729	-0.0200074	0.188589	0.38963	0.00960729	0.38963	0.812905	
0.999174	-0.0264447	0.0111962	-0.0264447	0.153554	0.358371	0.0111962	0.358371	0.848272	
0.994988	-0.0656618	0.0258914	-0.0656618	0.139765	0.339203	0.0258914	0.339203	0.866247	
0.999984	-0.00344716	0.00207504	-0.00344716	0.266721	0.441402	0.00207504	0.441402	0.734295	
0.998379	0.0347709	-0.0201984	0.0347709	0.254265	0.433197	-0.0201984	0.433197	0.748356	
0.991005	0.0838511	-0.0432933	0.0838511	0.218363	0.403569	-0.0432933	0.403569	0.791633	
0.998406	0.0375088	-0.0135081	0.0375088	0.117102	0.317961	-0.0135081	0.317961	0.885492	
0.999297	-0.0250643	0.00855235	-0.0250643	0.105812	0.305112	0.00855235	0.305112	0.895891	
0.986432	-0.0993486	0.0591638	-0.0993486	0.272552	0.433209	0.0591638	0.433209	0.742017	
0.993589	-0.0664371	0.0441544	-0.0664371	0.311515	0.457571	0.0441544	0.457571	0.695896	
0.998285	-0.0344553	0.0228638	-0.0344553	0.307603	0.45946	0.0228638	0.45946	0.695112	
0.999993	0.00225238	-0.00143375	0.00225238	0.289073	0.452542	-0.00143375	0.452542	0.711934	
0.997805	-0.0408998	0.0227037	-0.0408998	0.237999	0.42299	0.0227037	0.42299	0.765196	
0.972799	-0.141494	0.0800834	-0.141494	0.263978	0.416578	0.0800834	0.416578	0.764223	
0.988889	-0.0863395	0.0593456	-0.0863395	0.329086	0.461154	0.0593456	0.461154	0.683025	
0.999293	-0.0224483	0.0142077	-0.0224483	0.287226	0.451121	0.0142077	0.451121	0.714481	
0.998016	-0.0408025	0.0176861	-0.0408025	0.160679	0.363809	0.0176861	0.363809	0.842304	
0.943675	-0.223323	0.0567692	-0.223323	0.114542	0.225085	0.0567692	0.225085	0.942783	
0.995644	-0.0640034	0.0153589	-0.0640034	0.0595143	0.225689	0.0153589	0.225689	0.945841	
0.997266	-0.0501154	0.0145645	-0.0501154	0.0813247	0.266985	0.0145645	0.266985	0.922409	
0.991007	0.094199	0.00545408	0.094199	0.0133008	-0.0571295	0.00545408	-0.0571295	0.996692	
0.996864	-0.0557166	-0.00429999	-0.0557166	0.0100322	-0.0764019	-0.00429999	-0.0764019	0.994104	
0.989948	-0.0986533	-0.0144443	-0.0986533	0.0318077	-0.141758	-0.0144443	-0.141758	0.979245	
0.999029	-0.031029	0.00246267	-0.031029	0.00821809	0.0787145	0.00246267	0.0787145	0.993753	
0.998545	0.0373355	-0.00757859	0.0373355	0.0419307	0.194475	-0.00757859	0.194475	0.960524	
0.994273	0.0738497	0.0153046	0.0738497	0.0476292	-0.197369	0.0153046	-0.197369	0.959097	
0.974283	-0.158077	-0.00642582	-0.158077	0.0283225	-0.0394985	-0.00642582	-0.0394985	0.998394	
0.972436	-0.161108	0.0286522	-0.161108	0.0583474	0.167468	0.0286522	0.167468	0.970217	
0.998032	-0.0436577	0.00750462	-0.0436577	0.0315834	0.166468	0.00750462	0.166468	0.971385	
0.998264	-0.041461	-0.00346455	-0.041461	0.00965095	-0.0827553	-0.00346455	-0.0827553	0.993085	
0.992753	-0.0847165	0.00325926	-0.0847165	0.00971304	0.0380988	0.00325926	0.0380988	0.998534	
0.974439	-0.156438	0.0202299	-0.156438	0.0425717	0.12381	0.0202299	0.12381	0.983989	
0.991762	-0.0902313	0.00448602	-0.0902313	0.0116808	0.0491362	0.00448602	0.0491362	0.997557	
0.958268	-0.198096	0.0265761	-0.198096	0.0596562	0.126154	0.0265761	0.126154	0.983076	
0.978558	-0.140886	0.0333502	-0.140886	0.0743135	0.219127	0.0333502	0.219127	0.948129	
0.981274	-0.132054	0.0303051	-0.132054	0.0687701	0.213708	0.0303051	0.213708	0.950956	
0.999717	-0.0152377	0.00712563	-0.0152377	0.180492	0.383227	0.00712563	0.383227	0.820791	
0.99951	0.0206934	-0.00782607	0.0206934	0.126435	0.330375	-0.00782607	0.330375	0.875055	
0.957474	-0.201511	-0.00827007	-0.201511	0.0451343	-0.039188	-0.00827007	-0.039188	0.998392	
0.999289	-0.0266119	0.00115345	-0.0266119	0.00358265	0.043188	0.00115345	0.043188	0.998128	
0.997444	0.0503835	-0.00297465	0.0503835	0.00701773	0.058626	-0.00297465	0.058626	0.996539	
0.979152	0.140931	0.023047	0.140931	0.047326	-0.155794	0.023047	-0.155794	0.974522	
0.977134	-0.148715	0.0143003	-0.148715	0.0328097	0.0930043	0.0143003	0.0930043	0.991057	
0.956822	-0.199422	0.0387458	-0.199422	0.0789465	0.178952	0.0387458	0.178952	0.965231	
0.978854	-0.139796	0.033688	-0.139796	0.0758149	0.22271	0.033688	0.22271	0.946331	
0.968513	-0.163487	0.0611228	-0.163487	0.15114	0.317364	0.0611228	0.317364	0.881347	
0.972064	-0.157282	0.0488829	-0.157282	0.114473	0.275219	0.0488829	0.275219	0.914463	
0.997831	-0.0427994	0.018183	-0.0427994	0.15558	0.358746	0.018183	0.358746	0.847589	
0.997166	0.0522282	-0.00976005	0.0522282	0.0374478	0.179875	-0.00976005	0.179875	0.966386	
0.991047	0.0940982	0.00302814	0.0940982	0.010977	-0.0318274	0.00302814	-0.0318274	0.998976	
0.98967	0.100926	0.00520068	0.100926	0.0139484	-0.050811	0.00520068	-0.050811	0.997382	
0.999469	-0.0229787	-0.00145242	-0.0229787	0.00550407	-0.062859	-0.00145242	-0.062859	0.996027	
0.981759	-0.133737	-0.00219669	-0.133737	0.0195059	-0.0161051	-0.00219669	-0.0161051	0.999735	
0.978632	-0.143484	0.0173902	-0.143484	0.036521	0.116774	0.0173902	0.116774	0.985847	
0.994869	-0.0688284	0.0190369	-0.0688284	0.0767586	0.255355	0.0190369	0.255355	0.929373	
0.99812	-0.0427609	0.00680663	-0.0427609	0.0275208	0.154798	0.00680663	0.154798	0.975359	
0.988984	-0.10397	0.0086182	-0.10397	0.0187585	0.0813365	0.0086182	0.0813365	0.993258	
0.992619	-0.0855004	0.00289422	-0.0855004	0.00951548	0.0335282	0.00289422	0.0335282	0.998865	
0.992072	-0.0886186	-0.00188948	-0.0886186	0.00937794	-0.0211216	-0.00188948	-0.0211216	0.99955	
0.99529	-0.0684023	-0.00198096	-0.0684023	0.00654291	-0.0287709	-0.00198096	-0.0287709	0.999167	
0.99847	-0.039024	-0.00180439	-0.039024	0.00465798	-0.0460225	-0.00180439	-0.0460225	0.997872	
0.990331	-0.0977591	0.00306636	-0.0977591	0.0116418	0.0310013	0.00306636	0.0310013	0.999028	
0.97351	-0.15888	0.0227822	-0.15888	0.0470835	0.136641	0.0227822	0.136641	0.980407	
0.99038	-0.0942453	0.0252099	-0.0942453	0.0766849	0.246979	0.0252099	0.246979	0.933935	
0.99859	-0.0358593	0.0110051	-0.0358593	0.0882808	0.279803	0.0110051	0.279803	0.91413	
0.991098	-0.0910484	0.022902	-0.0910484	0.068819	0.234226	0.022902	0.234226	0.941083	
0.999532	-0.0212292	0.00412734	-0.0212292	0.0378366	0.187062	0.00412734	0.187062	0.963632	
0.999999	-0.000986774	0.000283603	-0.000986774	0.0772234	0.26521	0.000283603	0.26521	0.923778	
0.997953	-0.0447083	0.00645507	-0.0447083	0.023405	0.141003	0.00645507	0.141003	0.979642	
0.997952	0.0441417	-0.0096824	0.0441417	0.0488135	0.208641	-0.0096824	0.208641	0.954235	
0.962929	0.182098	-0.0500038	0.182098	0.105519	0.245623	-0.0500038	0.245623	0.932552	
0.950746	0.214036	-0.0311064	0.214036	0.0698995	0.135174	-0.0311064	0.135174	0.980355	
0.999924	0.00863112	-0.00136414	0.00863112	0.0254209	0.154031	-0.00136414	0.154031	0.975656	
0.996718	-0.0560151	0.0114117	-0.0560151	0.0439613	0.194769	0.0114117	0.194769	0.960321	
0.982463	-0.128871	0.0245744	-0.128871	0.0529733	0.180589	0.0245744	0.180589	0.965563	
0.980768	-0.136185	0.0172152	-0.136185	0.0356418	0.121905	0.0172152	0.121905	0.98459	
0.97729	-0.1482	0.0144213	-0.1482	0.0328676	0.0941113	0.0144213	0.0941113	0.990842	
0.993293	-0.0806512	0.0122698	-0.0806512	0.0301537	0.147546	0.0122698	0.147546	0.977553	
0.989605	-0.100288	0.0148056	-0.100288	0.0324822	0.142835	0.0148056	0.142835	0.978913	
0.982767	-0.128688	0.0189167	-0.128688	0.038998	0.141264	0.0189167	0.141264	0.979235	
0.973203	-0.159112	0.0271245	-0.159112	0.0552531	0.161055	0.0271245	0.161055	0.972544	
0.989524	-0.101151	0.0111538	-0.101151	0.0233515	0.107694	0.0111538	0.107694	0.988125	
0.985327	-0.119903	0.00816044	-0.119903	0.0202116	0.0666831	0.00816044	0.0666831	0.995462	
0.995673	-0.0647507	0.0105715	-0.0647507	0.0311526	0.158179	0.0105715	0.158179	0.974175	
0.999276	-0.0268816	0.000625103	-0.0268816	0.00226378	0.0232013	0.000625103	0.0232013	0.99946	
0.99761	-0.0487469	0.00234509	-0.0487469	0.00569101	0.0478336	0.00234509	0.0478336	0.997699	
0.992246	-0.0868008	0.0123108	-0.0868008	0.0282999	0.137815	0.0123108	0.137815	0.980454	
0.988572	-0.105061	0.0157482	-0.105061	0.0341298	0.14478	0.0157482	0.14478	0.978298	
0.999919	-0.00864142	0.00256321	-0.00864142	0.0818615	0.272337	0.00256321	0.272337	0.91922	
0.999994	0.00244913	-0.0006338	0.00244913	0.06371	0.242299	-0.0006338	0.242299	0.937296	
0.993434	-0.0800765	0.0102148	-0.0800765	0.023457	0.124571	0.0102148	0.124571	0.984109	
0.962984	-0.186875	0.0262067	-0.186875	0.0565702	0.132303	0.0262067	0.132303	0.981446	
0.994618	-0.0727608	0.00733858	-0.0727608	0.0163882	0.0992061	0.00733858	0.0992061	0.989994	
0.998367	0.0403226	-0.00168088	0.0403226	0.00436316	0.0415039	-0.00168088	0.0415039	0.99827	
0.999742	-0.016043	0.000754972	-0.016043	0.00346518	0.0468963	0.000754972	0.0468963	0.997793	
0.997896	0.0457153	0.00283649	0.0457153	0.00692761	-0.061617	0.00283649	-0.061617	0.996177	
0.989896	-0.098604	-0.0163967	-0.098604	0.0377129	-0.160017	-0.0163967	-0.160017	0.973391	
0.986058	-0.108152	-0.0451335	-0.108152	0.161047	-0.350108	-0.0451335	-0.350108	0.853895	
0.971732	-0.158005	0.0497539	-0.158005	0.116838	0.278098	0.0497539	0.278098	0.91243	
0.983085	-0.124363	0.0338482	-0.124363	0.0856482	0.248862	0.0338482	0.248862	0.932267	
0.985032	-0.119386	0.0218248	-0.119386	0.0477901	0.174071	0.0218248	0.174071	0.968178	
0.990636	-0.0918935	0.0286868	-0.0918935	0.0982434	0.281506	0.0286868	0.281506	0.912121	
0.984712	-0.116616	0.0379479	-0.116616	0.110481	0.289458	0.0379479	0.289458	0.905807	
0.998135	-0.0404148	0.0150545	-0.0404148	0.124365	0.326174	0.0150545	0.326174	0.8785	
0.994178	-0.0727001	0.0222904	-0.0727001	0.0921658	0.278349	0.0222904	0.278349	0.914656	
0.983923	-0.120603	0.035453	-0.120603	0.0952595	0.265961	0.035453	0.265961	0.921817	
0.992884	-0.0804901	0.0240833	-0.0804901	0.089619	0.272394	0.0240833	0.272394	0.918497	
0.989041	-0.100839	0.0256837	-0.100839	0.0721507	0.236323	0.0256837	0.236323	0.939808	
0.989777	-0.0975342	0.0244068	-0.0975342	0.0694909	0.232849	0.0244068	0.232849	0.941732	
0.99924	-0.0264481	0.0076702	-0.0264481	0.0792034	0.267039	0.0076702	0.267039	0.922556	
0.999999	-0.00105682	0.000221892	-0.00105682	0.0431814	0.200895	0.000221892	0.200895	0.95782	
0.996244	-0.058958	0.016203	-0.058958	0.074646	0.254308	0.016203	0.254308	0.93011	
0.998591	0.0372783	-0.00396936	0.0372783	0.0135925	0.105032	-0.00396936	0.105032	0.988816	
0.995483	0.0670179	-0.000650247	0.0670179	0.00561036	0.00964815	-0.000650247	0.00964815	0.999906	
0.561717	0.240797	-0.433324	0.240797	0.867704	0.238072	-0.433324	0.238072	0.57158	
0.677667	0.176293	-0.432473	0.176293	0.903581	0.236531	-0.432473	0.236531	0.419752	
0.995936	-0.0165125	-0.0614032	-0.0165125	0.932901	-0.249513	-0.0614032	-0.249513	0.0721623	
0.967431	-0.0675746	-0.16404	-0.0675746	0.859794	-0.340355	-0.16404	-0.340355	0.173774	
0.708301	0.449079	0.0681672	0.449079	0.308629	-0.104945	0.0681672	-0.104945	0.98407	
0.994651	-0.0721355	-0.0105491	-0.0721355	0.027154	-0.142268	-0.0105491	-0.142268	0.979195	
0.98278	-0.128163	0.0219265	-0.128163	0.0461391	0.163189	0.0219265	0.163189	0.972081	
0.793497	0.402311	0.0424173	0.402311	0.216216	-0.0826377	0.0424173	-0.0826377	0.991287	
0.998996	-0.0314032	0.00396276	-0.0314032	0.0176467	0.123963	0.00396276	0.123963	0.984357	
0.721969	0.440471	-0.0802311	0.440471	0.302183	0.127106	-0.0802311	0.127106	0.976848	
0.721969	0.440471	-0.0802311	0.440471	0.302183	0.127106	-0.0802311	0.127106	0.976848	
0.876777	0.328242	-0.0131335	0.328242	0.125622	0.0349854	-0.0131335	0.0349854	0.9986	
0.876777	0.328242	-0.0131335	0.328242	0.125622	0.0349854	-0.0131335	0.0349854	0.9986	
0.915319	0.278103	-0.00916222	0.278103	0.0866723	0.0300899	-0.00916222	0.0300899	0.999009	
0.995125	-0.0648843	-0.0252287	-0.0648843	0.136434	-0.335777	-0.0252287	-0.335777	0.869441	
0.977608	-0.141077	-0.0443347	-0.141077	0.111171	-0.279321	-0.0443347	-0.279321	0.912221	
0.99882	-0.0244874	-0.0240313	-0.0244874	0.491709	-0.498822	-0.0240313	-0.498822	0.510471	
0.99882	-0.0244874	-0.0240313	-0.0244874	0.491709	-0.498822	-0.0240313	-0.498822	0.510471	
0.99882	-0.0244874	-0.0240313	-0.0244874	0.491709	-0.498822	-0.0240313	-0.498822	0.510471	
0.99882	-0.0244874	-0.0240313	-0.0244874	0.491709	-0.498822	-0.0240313	-0.498822	0.510471	
0.917989	-0.274231	-0.000867114	-0.274231	0.0830205	-0.00289947	-0.000867114	-0.00289947	0.999991	
0.962249	-0.151555	-0.115407	-0.151555	0.391561	-0.463318	-0.115407	-0.463318	0.647189	
0.771745	0.418559	0.0271115	0.418559	0.232475	-0.0497152	0.0271115	-0.0497152	0.99678	
0.775638	0.40982	0.0764666	0.40982	0.251424	-0.139674	0.0764666	-0.139674	0.973939	
0.682038	0.462924	0.0473811	0.462924	0.326022	-0.0689828	0.0473811	-0.0689828	0.992939	
0.864525	0.279569	-0.197046	0.279569	0.423074	0.406628	-0.197046	0.406628	0.7134	
0.864525	0.279569	-0.197046	0.279569	0.423074	0.406628	-0.197046	0.406628	0.7134	
0.864525	0.279569	-0.197046	0.279569	0.423074	0.406628	-0.197046	0.406628	0.7134	
0.429649	-0.477395	0.12874	-0.477395	0.60041	0.107758	0.12874	0.107758	0.970941	
0.0891261	-0.221401	0.176786	-0.221401	0.946185	0.0429704	0.176786	0.0429704	0.965689	
0.917613	-0.0465838	0.270827	-0.0465838	0.97366	0.153132	0.270827	0.153132	0.109727	
0.273225	-0.333261	-0.294591	-0.333261	0.847184	-0.135084	-0.294591	-0.135084	0.880591	
0.68395	-0.455715	-0.090389	-0.455715	0.342901	-0.130333	-0.090389	-0.130333	0.974149	
0.600743	-0.48388	-0.0728813	-0.48388	0.413561	-0.0883286	-0.0728813	-0.0883286	0.986696	
0.217265	-0.348939	0.217991	-0.348939	0.844445	0.0971789	0.217991	0.0971789	0.93929	
0.95683	-0.0501374	0.196849	-0.0501374	0.941771	0.228618	0.196849	0.228618	0.102399	
0.0305777	-0.121209	0.118243	-0.121209	0.984845	0.0147843	0.118243	0.0147843	0.985577	
0.540139	-0.375721	0.326746	-0.375721	0.693024	0.266962	0.326746	0.266962	0.767837	
0.920629	-0.270149	0.00340548	-0.270149	0.0805174	0.0115909	0.00340548	0.0115909	0.999854	
0.998388	0.0148729	0.0372426	0.0148729	0.862813	-0.343523	0.0372426	-0.343523	0.139799	
0.99956	-0.00643753	0.019953	-0.00643753	0.905857	0.291796	0.019953	0.291796	0.0955834	
0.995075	-0.0328795	0.0617676	-0.0328795	0.780516	0.412323	0.0617676	0.412323	0.225409	
0.995468	0.04839	-0.046532	0.04839	0.483308	0.496853	-0.046532	0.496853	0.522223	
0.994339	0.0149446	-0.0734865	0.0149446	0.96055	0.193988	-0.0734865	0.193988	0.0461116	
0.965932	-0.180667	-0.0152738	-0.180667	0.0419162	-0.0809979	-0.0152738	-0.0809979	0.993152	
0.977873	-0.113471	0.0934853	-0.113471	0.418099	0.479411	0.0934853	0.479411	0.605028	
0.493415	-0.281429	0.412611	-0.281429	0.843655	0.229222	0.412611	0.229222	0.663931	
0.222182	-0.292386	0.294193	-0.292386	0.890091	0.110589	0.294193	0.110589	0.888728	
0.00839235	0.0794511	0.0319036	0.0794511	0.993634	-0.00255623	0.0319036	-0.00255623	0.998974	
0.954791	0.204875	0.0338601	0.204875	0.0715692	-0.153444	0.0338601	-0.153444	0.97464	
0.29495	-0.43576	0.131768	-0.43576	0.730677	0.0814401	0.131768	0.0814401	0.975374	
0.406149	-0.483208	-0.0843121	-0.483208	0.606821	-0.0686035	-0.0843121	-0.0686035	0.98803	
0.858955	-0.347767	-0.00826634	-0.347767	0.14253	-0.0203818	-0.00826634	-0.0203818	0.999516	
0.981037	-0.136311	0.002043	-0.136311	0.0201835	0.0146853	0.002043	0.0146853	0.99978	
0.981194	-0.135577	0.00722811	-0.135577	0.022584	0.0521097	0.00722811	0.0521097	0.997222	
0.979613	-0.140892	0.00999604	-0.140892	0.0262879	0.069083	0.00999604	0.069083	0.995099	
0.980361	-0.138533	0.00652859	-0.138533	0.0228096	0.0460517	0.00652859	0.0460517	0.99783	
0.978517	-0.144726	0.0073659	-0.144726	0.0250083	0.0496228	0.0073659	0.0496228	0.997474	
0.979602	-0.141204	0.00478245	-0.141204	0.0225193	0.0331063	0.00478245	0.0331063	0.998879	
0.617237	-0.367503	-0.317512	-0.367503	0.647147	-0.304854	-0.317512	-0.304854	0.736615	
0.997413	0.0188547	-0.0471384	0.0188547	0.862571	0.343583	-0.0471384	0.343583	0.141015	
0.972207	-0.0844409	0.140933	-0.0844409	0.743448	0.42819	0.140933	0.42819	0.285345	
0.963374	-0.185778	-0.0271086	-0.185778	0.0576905	-0.137502	-0.0271086	-0.137502	0.979936	
0.98602	-0.114882	-0.0239411	-0.114882	0.0559788	-0.196732	-0.0239411	-0.196732	0.959002	
0.99862	0.0281627	0.0241567	0.0281627	0.42525	-0.492996	0.0241567	-0.492996	0.57713	
0.520706	-0.495583	0.0590677	-0.495583	0.487573	0.0610752	0.0590677	0.0610752	0.992721	
0.489458	-0.497944	0.0378158	-0.497944	0.514343	0.0368827	0.0378158	0.0368827	0.997199	
0.00574938	0.0470098	0.0501214	0.0470098	0.997777	-0.00236982	0.0501214	-0.00236982	0.997473	
0.00703519	0.0197926	-0.0748397	0.0197926	0.999605	0.00149177	-0.0748397	0.00149177	0.994359	
0.141422	-0.346929	-0.0142587	-0.346929	0.859815	-0.00576156	-0.0142587	-0.00576156	0.999763	
0.458867	-0.495454	0.0478735	-0.495454	0.546368	0.0438324	0.0478735	0.0438324	0.995765	
0.894184	-0.30742	-0.00244888	-0.30742	0.106872	-0.00711458	-0.00244888	-0.00711458	0.999943	
0.65304	-0.467942	0.0852159	-0.467942	0.36889	0.11493	0.0852159	0.11493	0.97907	
0.980748	-0.137036	0.0091065	-0.137036	0.0245593	0.0648211	0.0091065	0.0648211	0.995692	
0.981234	-0.135258	0.0100236	-0.135258	0.0251201	0.0722459	0.0100236	0.0722459	0.994646	
0.980094	-0.13922	0.0103585	-0.13922	0.0262959	0.0724477	0.0103585	0.0724477	0.99461	
0.983666	-0.126271	0.0103301	-0.126271	0.0238672	0.0798561	0.0103301	0.0798561	0.993467	
0.977379	-0.14826	0.0102718	-0.14826	0.0282852	0.0673227	0.0102718	0.0673227	0.995336	
0.979415	-0.141645	0.00877419	-0.141645	0.0253246	0.0603763	0.00877419	0.0603763	0.99626	
0.982193	-0.131699	0.0112934	-0.131699	0.0259694	0.0835249	0.0112934	0.0835249	0.992838	
0.981131	-0.135599	0.0103524	-0.135599	0.0255488	0.0743955	0.0103524	0.0743955	0.99432	
0.97897	-0.143077	0.00980068	-0.143077	0.0265977	0.0666775	0.00980068	0.0666775	0.995433	
0.980512	-0.137781	0.010263	-0.137781	0.0258929	0.0725589	0.010263	0.0725589	0.994595	
0.981692	-0.13373	0.00839042	-0.13373	0.023153	0.0612888	0.00839042	0.0612888	0.996155	
0.976257	-0.151808	0.0104601	-0.151808	0.029351	0.0668811	0.0104601	0.0668811	0.995392	
0.980093	-0.139224	0.010369	-0.139224	0.0263079	0.0725179	0.010369	0.0725179	0.994599	
0.980525	-0.137657	0.0112499	-0.137657	0.0269735	0.0795194	0.0112499	0.0795194	0.993501	
0.977489	-0.147731	0.0125593	-0.147731	0.0305183	0.08242	0.0125593	0.08242	0.992993	
0.990236	-0.0977171	0.0104962	-0.0977171	0.0220474	0.105046	0.0104962	0.105046	0.988716	
0.998114	0.0431336	-0.00450979	0.0431336	0.0136684	0.103125	-0.00450979	0.103125	0.989218	
0.999238	-0.0265597	0.0074591	-0.0265597	0.0747401	0.259852	0.0074591	0.259852	0.927022	
0.239396	-0.222302	0.36319	-0.222302	0.935028	0.10615	0.36319	0.10615	0.826576	
0.0233301	0.118978	0.087484	0.118978	0.985506	-0.0106573	0.087484	-0.0106573	0.992164	
0.98892	0.0711023	-0.0767531	0.0711023	0.543742	0.492519	-0.0767531	0.492519	0.468338	
0.0670694	0.107876	-0.223609	0.107876	0.987526	0.0258561	-0.223609	0.0258561	0.946404	
0.983141	-0.128484	0.00703841	-0.128484	0.0207972	0.0536412	0.00703841	0.0536412	0.997062	
0.977714	-0.14712	0.0110732	-0.14712	0.0287877	0.0730997	0.0110732	0.0730997	0.994498	
0.978146	-0.14511	0.0172566	-0.14511	0.0364805	0.114582	0.0172566	0.114582	0.986374	
0.981481	-0.134289	0.0111533	-0.134289	0.0262364	0.0808756	0.0111533	0.0808756	0.993283	
0.982176	-0.131331	0.0155241	-0.131331	0.032345	0.114382	0.0155241	0.114382	0.986479	
0.980528	-0.13718	0.0159561	-0.13718	0.0335469	0.112413	0.0159561	0.112413	0.986925	
0.97961	-0.141042	0.00780932	-0.141042	0.024381	0.0540188	0.00780932	0.0540188	0.997009	
0.982368	-0.130862	0.0133462	-0.130862	0.0287339	0.0990561	0.0133462	0.0990561	0.989898	
0.979402	-0.141253	0.0141797	-0.141253	0.0313596	0.0972368	0.0141797	0.0972368	0.990239	
0.98027	-0.138836	0.00678378	-0.138836	0.0230629	0.0477349	0.00678378	0.0477349	0.997668	
0.981688	-0.133134	0.0152935	-0.133134	0.0320846	0.111187	0.0152935	0.111187	0.987228	
0.982666	-0.129588	0.0149205	-0.129588	0.0311769	0.111548	0.0149205	0.111548	0.987157	
0.980941	-0.135772	0.01557	-0.135772	0.0327786	0.110918	0.01557	0.110918	0.98728	
0.980305	-0.13852	0.0099659	-0.13852	0.0257376	0.0700938	0.0099659	0.0700938	0.994957	
0.983398	-0.127464	0.00794051	-0.127464	0.0214001	0.0609631	0.00794051	0.0609631	0.996202	
0.0129663	-0.0238486	0.10603	-0.0238486	0.999424	0.00256189	0.10603	0.00256189	0.98861	
0.979387	-0.141869	0.0063811	-0.141869	0.0235885	0.0439178	0.0063811	0.0439178	0.998025	
0.978015	-0.146138	0.0110952	-0.146138	0.0285843	0.0737521	0.0110952	0.0737521	0.994401	
0.980702	-0.136599	0.015717	-0.136599	0.0330985	0.111251	0.015717	0.111251	0.987199	
0.981288	-0.135104	0.00951325	-0.135104	0.0245488	0.0686859	0.00951325	0.0686859	0.995164	
