0.986059	0.0209768	-0.115295	0.0209768	0.968437	0.173479	-0.115295	0.173479	0.0465041	
0.977691	0.0422552	-0.141433	0.0422552	0.919964	0.26789	-0.141433	0.26789	0.103345	
0.977691	0.0422552	-0.141433	0.0422552	0.919964	0.26789	-0.141433	0.26789	0.103345	
0.977691	0.0422552	-0.141433	0.0422552	0.919964	0.26789	-0.141433	0.26789	0.103345	
0.97332	-0.160958	0.00581295	-0.160958	0.0289461	0.0350694	0.00581295	0.0350694	0.998733	
0.977691	0.0422552	-0.141433	0.0422552	0.919964	0.26789	-0.141433	0.26789	0.103345	
0.625861	-0.472903	0.100737	-0.472903	0.402262	0.127329	0.100737	0.127329	0.972877	
0.0142637	-0.0332993	0.109388	-0.0332993	0.998875	0.00369524	0.109388	0.00369524	0.987861	
0.0105129	-0.0934252	-0.0261654	-0.0934252	0.991179	-0.00247048	-0.0261654	-0.00247048	0.999308	
0.996078	-0.0165311	0.0602482	-0.0165311	0.93033	0.253916	0.0602482	0.253916	0.0745925	
0.716567	-0.423289	-0.153757	-0.423289	0.367843	-0.229627	-0.153757	-0.229627	0.916589	
0.999523	-0.01719	-0.0134355	-0.01719	0.380138	-0.484477	-0.0134355	-0.484477	0.621339	
0.928519	-0.257322	-0.00923739	-0.257322	0.0736745	-0.0332535	-0.00923739	-0.0332535	0.998806	
0.628719	-0.419415	0.239064	-0.419415	0.526212	0.270057	0.239064	0.270057	0.846069	
0.175492	-0.254082	0.281625	-0.254082	0.921701	0.0867861	0.281625	0.0867861	0.903806	
0.00253874	0.0389705	0.0040169	0.0389705	0.998477	-0.000156939	0.0040169	-0.000156939	0.999984	
0.0566786	-0.178455	-0.143793	-0.178455	0.96624	-0.0272025	-0.143793	-0.0272025	0.978081	
0.404114	-0.489053	-0.0322091	-0.489053	0.598627	-0.0264345	-0.0322091	-0.0264345	0.998259	
0.943933	-0.229702	-0.0102425	-0.229702	0.0589385	-0.0419624	-0.0102425	-0.0419624	0.998129	
0.991583	-0.0912392	0.00356854	-0.0912392	0.0109296	0.0386845	0.00356854	0.0386845	0.998487	
0.993054	-0.0830056	0.000752607	-0.0830056	0.00802724	0.00899416	0.000752607	0.00899416	0.999918	
0.989781	-0.0796631	-0.0613066	-0.0796631	0.379001	-0.477904	-0.0613066	-0.477904	0.632218	
0.988963	-0.0503538	-0.0914812	-0.0503538	0.770276	-0.417355	-0.0914812	-0.417355	0.241761	
0.99727	-0.0122762	-0.0506821	-0.0122762	0.944788	-0.227943	-0.0506821	-0.227943	0.0589418	
0.345584	-0.459191	-0.121017	-0.459191	0.677795	-0.0849149	-0.121017	-0.0849149	0.977621	
0.167026	-0.269395	0.256362	-0.269395	0.912874	0.0829109	0.256362	0.0829109	0.9211	
0.0143917	-0.0511178	0.102888	-0.0511178	0.997349	0.00533619	0.102888	0.00533619	0.98926	
0.00965772	0.09247	-0.0048381	0.09247	0.991366	0.000451742	-0.0048381	0.000451742	0.999976	
0.0449401	-0.135149	-0.153949	-0.135149	0.980875	-0.021785	-0.153949	-0.021785	0.975184	
0.231531	-0.409199	0.0985474	-0.409199	0.782107	0.0524752	0.0985474	0.0524752	0.987362	
0.929971	-0.253696	-0.0263257	-0.253696	0.0809255	-0.0953711	-0.0263257	-0.0953711	0.990103	
0.992798	-0.0844673	0.00289449	-0.0844673	0.00936545	0.0339466	0.00289449	0.0339466	0.998837	
0.991942	-0.08921	0.00516879	-0.08921	0.0123736	0.0572227	0.00516879	0.0572227	0.996685	
0.993119	-0.0823378	0.00689485	-0.0823378	0.0147897	0.0825002	0.00689485	0.0825002	0.993092	
0.989961	-0.0992564	0.00875064	-0.0992564	0.0186667	0.0865164	0.00875064	0.0865164	0.992373	
0.928546	-0.254883	0.0362215	-0.254883	0.0908157	0.129205	0.0362215	0.129205	0.981639	
0.91261	-0.281287	0.0233058	-0.281287	0.0946054	0.0750155	0.0233058	0.0750155	0.993785	
0.916185	-0.270764	-0.0582504	-0.270764	0.125298	-0.188177	-0.0582504	-0.188177	0.959517	
0.92189	-0.26389	-0.0478797	-0.26389	0.108459	-0.16176	-0.0478797	-0.16176	0.970651	
0.960563	-0.194446	0.00575677	-0.194446	0.0412774	0.0283839	0.00575677	0.0283839	0.99916	
0.992892	-0.0838181	0.00502124	-0.0838181	0.0116553	0.0592082	0.00502124	0.0592082	0.996453	
0.991887	-0.0896257	0.00247228	-0.0896257	0.00986621	0.0273123	0.00247228	0.0273123	0.999247	
0.891395	-0.25495	0.178051	-0.25495	0.401508	0.417973	0.178051	0.417973	0.708097	
0.992335	-0.0870569	0.00439107	-0.0870569	0.0111803	0.0498751	0.00439107	0.0498751	0.997484	
0.991092	-0.0938403	0.00375609	-0.0938403	0.0114921	0.0395665	0.00375609	0.0395665	0.998416	
0.993366	-0.0807884	0.00753876	-0.0807884	0.0162009	0.0918031	0.00753876	0.0918031	0.991433	
0.992018	-0.0885113	0.00871642	-0.0885113	0.0185004	0.0966562	0.00871642	0.0966562	0.990481	
0.992146	-0.087425	0.0118726	-0.087425	0.026802	0.132164	0.0118726	0.132164	0.982052	
0.992646	-0.0848868	0.00933436	-0.0848868	0.0202018	0.107741	0.00933436	0.107741	0.988153	
0.993814	-0.0779687	0.00791512	-0.0779687	0.0173134	0.099759	0.00791512	0.099759	0.989873	
0.994988	-0.0705115	0.00308922	-0.0705115	0.00791581	0.0434648	0.00308922	0.0434648	0.998096	
0.998402	-0.0399207	0.000122093	-0.0399207	0.00260716	0.00305041	0.000122093	0.00305041	0.999991	
0.862354	-0.0381859	-0.342204	-0.0381859	0.989406	-0.0949348	-0.342204	-0.0949348	0.14924	
0.839852	-0.252035	-0.266118	-0.252035	0.603356	-0.418807	-0.266118	-0.418807	0.557792	
0.946187	-0.19701	-0.109774	-0.19701	0.278742	-0.401884	-0.109774	-0.401884	0.77607	
0.999635	0.0172363	0.00819225	0.0172363	0.185386	-0.387177	0.00819225	-0.387177	0.815979	
0.999854	-0.0116819	-0.00299908	-0.0116819	0.0629086	-0.240578	-0.00299908	-0.240578	0.938237	
0.999509	-0.0220512	-0.00192995	-0.0220512	0.00908117	-0.0867267	-0.00192995	-0.0867267	0.99241	
0.999803	-0.0139428	-0.00159837	-0.0139428	0.0141531	-0.113016	-0.00159837	-0.113016	0.987044	
0.993953	-0.0774171	-0.00334719	-0.0774171	0.00889994	-0.042851	-0.00334719	-0.042851	0.998147	
0.983222	-0.127981	0.0100275	-0.127981	0.0237711	0.0764892	0.0100275	0.0764892	0.994007	
0.964264	-0.163642	-0.0874335	-0.163642	0.250654	-0.400373	-0.0874335	-0.400373	0.786082	
0.589158	0.00932869	0.49148	0.00932869	0.999788	-0.0111597	0.49148	-0.0111597	0.412054	
0.00786209	0.041587	0.0712647	0.041587	0.998257	-0.00298717	0.0712647	-0.00298717	0.994881	
0.0475435	-0.0763469	-0.196219	-0.0763469	0.99388	-0.0157285	-0.196219	-0.0157285	0.959576	
0.243116	-0.264825	-0.336335	-0.264825	0.907341	-0.11768	-0.336335	-0.11768	0.850544	
0.554822	-0.333656	-0.367727	-0.333656	0.749929	-0.275607	-0.367727	-0.275607	0.696249	
0.783168	-0.40138	-0.0921565	-0.40138	0.256999	-0.170592	-0.0921565	-0.170592	0.960832	
0.851032	-0.354058	-0.0356468	-0.354058	0.158498	-0.084723	-0.0356468	-0.084723	0.99147	
0.90233	-0.293703	-0.0420963	-0.293703	0.116814	-0.126587	-0.0420963	-0.126587	0.981856	
0.960921	-0.19348	0.0088247	-0.19348	0.0420715	0.0436914	0.0088247	0.0436914	0.998007	
0.991922	-0.0892157	0.00669588	-0.0892157	0.0146281	0.0739548	0.00669588	0.0739548	0.994449	
0.991549	-0.0909134	0.010306	-0.0909134	0.022019	0.110864	0.010306	0.110864	0.987432	
0.991638	-0.0905497	0.00918028	-0.0905497	0.0194407	0.099413	0.00918028	0.099413	0.989921	
0.994252	-0.0753575	0.00553471	-0.0753575	0.0120774	0.072559	0.00553471	0.072559	0.994671	
0.991296	-0.0923939	0.00910681	-0.0923939	0.0192323	0.0966694	0.00910681	0.0966694	0.990472	
0.993582	-0.0794984	0.00708764	-0.0794984	0.0152452	0.0877954	0.00708764	0.0877954	0.992173	
0.993251	-0.0815041	0.00730705	-0.0815041	0.0156603	0.0882486	0.00730705	0.0882486	0.992088	
0.997374	-0.0511096	0.00196364	-0.0511096	0.00509415	0.0382244	0.00196364	0.0382244	0.998531	
0.994311	-0.0750675	0.00400028	-0.0750675	0.00950193	0.0527827	0.00400028	0.0527827	0.997187	
0.99013	-0.0979517	0.0129832	-0.0979517	0.0279482	0.128843	0.0129832	0.128843	0.982922	
0.986044	-0.117116	0.00559132	-0.117116	0.0171963	0.0469207	0.00559132	0.0469207	0.99776	
0.983402	-0.127594	0.00502835	-0.127594	0.0191209	0.0386555	0.00502835	0.0386555	0.998477	
0.9919	-0.089228	0.00802509	-0.089228	0.0170509	0.0884057	0.00802509	0.0884057	0.992049	
0.991043	-0.09389	0.00725736	-0.09389	0.0158373	0.0760723	0.00725736	0.0760723	0.99412	
0.99223	-0.0876222	0.00493026	-0.0876222	0.0118984	0.0555978	0.00493026	0.0555978	0.996872	
0.98789	-0.108851	0.0101126	-0.108851	0.0215545	0.0909008	0.0101126	0.0909008	0.991555	
0.991713	-0.0905236	0.00393769	-0.0905236	0.011158	0.0430137	0.00393769	0.0430137	0.998129	
0.99183	-0.089894	0.00382415	-0.089894	0.0109604	0.0420745	0.00382415	0.0420745	0.99821	
0.993986	-0.0771658	0.00416186	-0.0771658	0.00989415	0.0534003	0.00416186	0.0534003	0.99712	
0.996974	-0.0546794	0.004889	-0.0546794	0.0119251	0.0883459	0.004889	0.0883459	0.992101	
0.998863	-0.03362	0.00216334	-0.03362	0.00625204	0.0639445	0.00216334	0.0639445	0.995885	
0.99979	-0.0143625	0.00189852	-0.0143625	0.0183623	0.129758	0.00189852	0.129758	0.982848	
0.997959	-0.0448372	0.00497882	-0.0448372	0.0151845	0.109356	0.00497882	0.109356	0.987857	
0.997578	-0.0476626	0.0118983	-0.0476626	0.0618837	0.234189	0.0118983	0.234189	0.941538	
0.820244	-0.338956	0.179925	-0.338956	0.360851	0.339275	0.179925	0.339275	0.819905	
0.844694	0.352056	0.0841892	0.352056	0.201944	-0.190844	0.0841892	-0.190844	0.954362	
0.975827	0.110409	0.10665	0.110409	0.495713	-0.487121	0.10665	-0.487121	0.52946	
0.999039	0.0182008	0.025058	0.0182008	0.655309	-0.474556	0.025058	-0.474556	0.346652	
0.997602	-0.0122133	-0.0473353	-0.0122133	0.937795	-0.24109	-0.0473353	-0.24109	0.0656031	
0.984045	-0.083789	-0.0930795	-0.083789	0.559972	-0.488818	-0.0930795	-0.488818	0.456983	
0.982238	-0.0144102	0.131229	-0.0144102	0.988309	0.106465	0.131229	0.106465	0.0304528	
0.999997	-0.00147118	-0.000956991	-0.00147118	0.298032	-0.456623	-0.000956991	-0.456623	0.702971	
0.972996	-0.118666	-0.110302	-0.118666	0.478541	-0.484702	-0.110302	-0.484702	0.549463	
0.980182	-0.139044	0.00852944	-0.139044	0.0244893	0.0598414	0.00852944	0.0598414	0.996329	
0.949755	-0.212607	0.0496804	-0.212607	0.100367	0.210219	0.0496804	0.210219	0.950877	
0.975773	-0.149689	0.0347765	-0.149689	0.0751464	0.214867	0.0347765	0.214867	0.950081	
0.946053	-0.224707	-0.0221327	-0.224707	0.0640274	-0.0921893	-0.0221327	-0.0921893	0.99092	
0.922755	0.255541	0.0768076	0.255541	0.154618	-0.254095	0.0768076	-0.254095	0.923627	
0.990091	-0.0989974	-0.000301558	-0.0989974	0.0109178	-0.00301287	-0.000301558	-0.00301287	0.999991	
0.993045	-0.0827741	0.00697046	-0.0827741	0.014941	0.0829525	0.00697046	0.0829525	0.993015	
0.991103	-0.0936394	0.00636999	-0.0936394	0.0144577	0.0670433	0.00636999	0.0670433	0.995439	
0.995099	-0.0696243	0.00491053	-0.0696243	0.0108211	0.0697658	0.00491053	0.0697658	0.995079	
0.992811	-0.0842328	0.00592945	-0.0842328	0.0130796	0.0694729	0.00592945	0.0694729	0.99511	
0.991242	-0.0929131	0.00629483	-0.0929131	0.0142824	0.066782	0.00629483	0.066782	0.995476	
0.995955	-0.0633103	0.00409528	-0.0633103	0.00919118	0.0640913	0.00409528	0.0640913	0.995854	
0.996107	-0.0622294	0.00134757	-0.0622294	0.00535979	0.0215389	0.00134757	0.0215389	0.999534	
0.996831	-0.05617	0.000866466	-0.05617	0.00440594	0.0153578	0.000866466	0.0153578	0.999763	
0.430095	0.475864	-0.134523	0.475864	0.602658	0.112325	-0.134523	0.112325	0.968247	
0.693341	0.443608	-0.124599	0.443608	0.358285	0.180242	-0.124599	0.180242	0.949374	
0.866422	0.334686	-0.0598853	0.334686	0.161425	0.150046	-0.0598853	0.150046	0.973152	
0.989422	-0.102205	0.00313381	-0.102205	0.0125066	0.0302784	0.00313381	0.0302784	0.999072	
0.989375	-0.102429	0.00310159	-0.102429	0.0125302	0.0299011	0.00310159	0.0299011	0.999095	
0.992595	-0.0855927	0.00408763	-0.0855927	0.0106615	0.0472476	0.00408763	0.0472476	0.997744	
0.541197	-0.493284	0.0671951	-0.493284	0.469644	0.0722451	0.0671951	0.0722451	0.990159	
0.992687	-0.0851014	0.00322675	-0.0851014	0.00973712	0.0375473	0.00322675	0.0375473	0.998576	
0.994009	-0.0770295	0.00397704	-0.0770295	0.00963124	0.0511327	0.00397704	0.0511327	0.99736	
0.992616	-0.0853879	0.00556944	-0.0853879	0.0125848	0.0644044	0.00556944	0.0644044	0.995799	
0.988999	0.104237	0.00182882	0.104237	0.0123047	-0.017329	0.00182882	-0.017329	0.999696	
0.956304	0.204032	-0.0106977	0.204032	0.0473154	0.0499507	-0.0106977	0.0499507	0.997381	
0.940392	0.235622	-0.0218481	0.235622	0.0686156	0.0863632	-0.0218481	0.0863632	0.991992	
0.0103802	0.0682172	-0.0680384	0.0682172	0.995298	0.00469008	-0.0680384	0.00469008	0.995322	
0.0247309	0.130464	-0.0782507	0.130464	0.982548	0.0104678	-0.0782507	0.0104678	0.993722	
0.454963	0.298086	-0.39821	0.298086	0.836973	0.217785	-0.39821	0.217785	0.709063	
0.950467	0.212406	-0.0437419	0.212406	0.0891608	0.187574	-0.0437419	0.187574	0.961372	
0.997565	-0.0486438	0.0077504	-0.0486438	0.0281071	0.154851	0.0077504	0.154851	0.975328	
0.992947	-0.0835999	0.00275831	-0.0835999	0.00913203	0.0326928	0.00275831	0.0326928	0.998921	
0.993162	-0.0823532	0.00166366	-0.0823532	0.00824315	0.020035	0.00166366	0.020035	0.999595	
0.992022	-0.0888828	0.0024093	-0.0888828	0.00970521	0.0268434	0.0024093	0.0268434	0.999272	
0.992579	-0.0857649	0.00166018	-0.0857649	0.00879228	0.0191871	0.00166018	0.0191871	0.999629	
0.991899	-0.0895864	0.00135599	-0.0895864	0.00932827	0.014995	0.00135599	0.014995	0.999773	
0.992029	-0.0888624	0.00180006	-0.0888624	0.00937776	0.0200668	0.00180006	0.0200668	0.999594	
0.995329	-0.0681355	0.00134954	-0.0681355	0.00606068	0.0196866	0.00134954	0.0196866	0.99961	
0.99928	-0.0268063	0.000211507	-0.0268063	0.001782	0.00787615	0.000211507	0.00787615	0.999938	
0.977758	-0.147264	0.00621511	-0.147264	0.0249789	0.0411497	0.00621511	0.0411497	0.998263	
0.988395	-0.107044	-0.00050117	-0.107044	0.0126267	-0.00462277	-0.00050117	-0.00462277	0.999978	
0.35497	0.293308	-0.377216	0.293308	0.866627	0.171527	-0.377216	0.171527	0.779403	
0.98718	0.107987	0.0313361	0.107987	0.090414	-0.263948	0.0313361	-0.263948	0.923406	
0.428085	0.472799	0.143936	0.472799	0.609139	-0.118991	0.143936	-0.118991	0.963775	
0.894641	0.0583795	-0.301239	0.0583795	0.967652	0.166917	-0.301239	0.166917	0.138707	
0.0158204	0.113776	-0.0405089	0.113776	0.986847	0.00468302	-0.0405089	0.00468302	0.998333	
0.92251	0.265771	-0.0278126	0.265771	0.0884724	0.0953904	-0.0278126	0.0953904	0.990017	
0.998964	-0.03215	0.000757264	-0.03215	0.00258966	0.0234931	0.000757264	0.0234931	0.999447	
0.994831	-0.0716706	-0.000247378	-0.0716706	0.00618046	-0.00343026	-0.000247378	-0.00343026	0.999988	
0.997051	-0.0541916	0.000942041	-0.0541916	0.00425016	0.0173097	0.000942041	0.0173097	0.999699	
0.999383	-0.0246342	0.0030729	-0.0246342	0.0169145	0.122631	0.0030729	0.122631	0.984703	
1	-0.000323107	3.48268e-05	-0.000323107	0.0124733	0.106443	3.48268e-05	0.106443	0.988527	
0.997645	-0.0483342	0.00336098	-0.0483342	0.00815128	0.0689695	0.00336098	0.0689695	0.995204	
0.998507	-0.0384588	0.00314307	-0.0384588	0.0091109	0.080981	0.00314307	0.080981	0.993382	
0.981995	-0.132741	-0.00655954	-0.132741	0.0213951	-0.0483588	-0.00655954	-0.0483588	0.99761	
0.986965	-0.113328	0.00302106	-0.113328	0.0147355	0.0262648	0.00302106	0.0262648	0.9993	
0.987246	-0.111849	0.00829532	-0.111849	0.0191496	0.072745	0.00829532	0.072745	0.994605	
0.999994	0.000466089	-0.00237578	0.000466089	0.962976	0.188723	-0.00237578	0.188723	0.0380303	
0.997624	0.0484968	-0.0040657	0.0484968	0.0103321	0.0829683	-0.0040657	0.0829683	0.993044	
0.765331	-0.216401	-0.364054	-0.216401	0.800446	-0.335714	-0.364054	-0.335714	0.435224	
0.0676188	-0.0439532	0.245321	-0.0439532	0.997928	0.0115646	0.245321	0.0115646	0.935453	
0.964176	0.0427624	-0.180766	0.0427624	0.948956	0.215776	-0.180766	0.215776	0.0878685	
0.287607	0.268188	0.363665	0.268188	0.899038	-0.136905	0.363665	-0.136905	0.814355	
0.025313	-0.147603	0.0437138	-0.147603	0.977648	0.00661985	0.0437138	0.00661985	0.998039	
0.822135	-0.0157258	-0.381842	-0.0157258	0.99861	-0.0337603	-0.381842	-0.0337603	0.180255	
0.321867	0.465322	0.0326475	0.465322	0.680704	-0.0224021	0.0326475	-0.0224021	0.998428	
0.140529	-0.341259	-0.058854	-0.341259	0.864501	-0.0233683	-0.058854	-0.0233683	0.99597	
0.140529	-0.341259	-0.058854	-0.341259	0.864501	-0.0233683	-0.058854	-0.0233683	0.99597	
0.0643688	-0.208015	0.126569	-0.208015	0.953753	0.0281395	0.126569	0.0281395	0.982878	
0.362385	0.1406	-0.458973	0.1406	0.968996	0.101208	-0.458973	0.101208	0.669618	
0.980855	0.0252415	0.134619	0.0252415	0.966721	-0.177486	0.134619	-0.177486	0.0534243	
0.832085	0.195823	-0.318127	0.195823	0.77163	0.371002	-0.318127	0.371002	0.397285	
0.935799	0.0775376	-0.232385	0.0775376	0.906355	0.280659	-0.232385	0.280659	0.158846	
0.761473	0.325165	0.275065	0.325165	0.556728	-0.374975	0.275065	-0.374975	0.682799	
0.259455	-0.434557	0.0505725	-0.434557	0.744999	0.0296763	0.0505725	0.0296763	0.996546	
0.0862276	0.266274	-0.0835277	0.266274	0.922408	0.02434	-0.0835277	0.02434	0.992365	
0.877422	0.0956308	0.313504	0.0956308	0.925392	-0.244585	0.313504	-0.244585	0.198186	
0.884796	-0.0590333	-0.31358	-0.0590333	0.96975	-0.160685	-0.31358	-0.160685	0.146454	
0.997432	-0.0281299	0.0420463	-0.0281299	0.691907	0.460513	0.0420463	0.460513	0.311662	
0.996777	-0.0566027	-0.0023374	-0.0566027	0.00591812	-0.0410505	-0.0023374	-0.0410505	0.998305	
0.81683	-0.367913	-0.11864	-0.367913	0.261014	-0.238299	-0.11864	-0.238299	0.923156	
0.997998	0.0262074	0.0361782	0.0262074	0.656878	-0.473666	0.0361782	-0.473666	0.346124	
0.997654	0.0292016	0.0385427	0.0292016	0.636536	-0.479731	0.0385427	-0.479731	0.366811	
0.99993	0.00291252	0.00780755	0.00291252	0.877972	-0.327118	0.00780755	-0.327118	0.123097	
0.984121	0.0757151	0.099391	0.0757151	0.63898	-0.47391	0.099391	-0.47391	0.3779	
0.686576	-0.170398	-0.431092	-0.170398	0.90736	-0.234371	-0.431092	-0.234371	0.407064	
0.995412	-0.0429913	-0.052097	-0.0429913	0.597154	-0.48817	-0.052097	-0.48817	0.408434	
0.976643	0.0947214	0.117542	0.0947214	0.615871	-0.476674	0.117542	-0.476674	0.408486	
0.996219	-0.061336	0.000890068	-0.061336	0.0049905	0.0144389	0.000890068	0.0144389	0.99979	
0.988072	0.0589004	0.0911295	0.0589004	0.709151	-0.449995	0.0911295	-0.449995	0.303777	
0.965704	0.0953552	0.154895	0.0953552	0.734875	-0.430669	0.154895	-0.430669	0.30042	
0.999999	-0.000127933	-0.00110184	-0.000127933	0.986712	-0.114449	-0.00110184	-0.114449	0.0142897	
0.999897	0.000807796	0.0101216	0.000807796	0.993678	-0.0792168	0.0101216	-0.0792168	0.00742545	
0.997754	0.0413687	0.0229745	0.0413687	0.238204	-0.423071	0.0229745	-0.423071	0.765043	
0.999264	0.0235716	0.0133807	0.0235716	0.245021	-0.428573	0.0133807	-0.428573	0.756715	
0.984666	-0.102093	-0.068269	-0.102093	0.320273	-0.454528	-0.068269	-0.454528	0.696061	
0.996039	-0.0515365	-0.0358448	-0.0515365	0.329376	-0.466434	-0.0358448	-0.466434	0.675584	
0.995575	-0.0310468	-0.0586296	-0.0310468	0.782186	-0.411327	-0.0586296	-0.411327	0.22324	
0.999993	0.000133127	0.00261697	0.000133127	0.997421	-0.0506882	0.00261697	-0.0506882	0.00358542	
1	2.7101e-05	0.000370938	2.7101e-05	0.994696	-0.0726003	0.000370938	-0.0726003	0.00630438	
0.99503	-0.0222733	-0.0666643	-0.0222733	0.900179	-0.298765	-0.0666643	-0.298765	0.105791	
0.997869	-0.0138894	-0.0439532	-0.0138894	0.909492	-0.286414	-0.0439532	-0.286414	0.0936399	
0.866321	0.042661	0.337425	0.042661	0.986386	-0.107682	0.337425	-0.107682	0.148294	
0.995306	-0.0107599	-0.067467	-0.0107599	0.975337	-0.154642	-0.067467	-0.154642	0.0303572	
0.799827	0.0628035	0.394917	0.0628035	0.980296	-0.123904	0.394917	-0.123904	0.220877	
0.997994	-0.0399676	-0.0200548	-0.0399676	0.203538	-0.399646	-0.0200548	-0.399646	0.799467	
0.999997	-0.0016613	-0.000849308	-0.0016613	0.207999	-0.404896	-0.000849308	-0.404896	0.793005	
0.995694	0.0599053	0.0263456	0.0599053	0.166513	-0.366557	0.0263456	-0.366557	0.838792	
0.997644	-0.0458391	-0.0157257	-0.0458391	0.108302	-0.305909	-0.0157257	-0.305909	0.895054	
0.999093	-0.0285697	-0.00944205	-0.0285697	0.100189	-0.29738	-0.00944205	-0.29738	0.901718	
0.998903	0.0316586	0.00963767	0.0316586	0.0867342	-0.278021	0.00963767	-0.278021	0.915363	
0.999836	0.0122589	0.00361035	0.0122589	0.0808835	-0.270688	0.00361035	-0.270688	0.92028	
0.972286	0.15921	0.0396269	0.15921	0.0853746	-0.227647	0.0396269	-0.227647	0.943339	
0.997925	0.0438413	0.0121008	0.0438413	0.0736474	-0.255685	0.0121008	-0.255685	0.929427	
0.992921	-0.0835519	-0.00636506	-0.0835519	0.013802	-0.0751294	-0.00636506	-0.0751294	0.994277	
0.993851	-0.0769389	-0.0136052	-0.0769389	0.037253	-0.170243	-0.0136052	-0.170243	0.969896	
0.987415	-0.108785	-0.0240881	-0.108785	0.0596895	-0.208212	-0.0240881	-0.208212	0.953896	
0.940661	-0.230337	-0.0519967	-0.230337	0.105902	-0.201836	-0.0519967	-0.201836	0.954437	
0.95606	-0.198679	-0.0499217	-0.198679	0.101658	-0.225725	-0.0499217	-0.225725	0.943283	
0.999638	-0.0188419	-0.0026192	-0.0188419	0.0202939	-0.136189	-0.0026192	-0.136189	0.981068	
0.999766	0.0149871	0.00294022	0.0149871	0.0382492	-0.188679	0.00294022	-0.188679	0.962984	
0.987798	-0.108428	-0.0168659	-0.108428	0.0365144	-0.14987	-0.0168659	-0.14987	0.976688	
0.989608	-0.0973959	-0.0280632	-0.0973959	0.0871764	-0.263017	-0.0280632	-0.263017	0.924215	
0.993904	-0.0755258	-0.0186577	-0.0755258	0.064205	-0.231177	-0.0186577	-0.231177	0.942891	
0.981884	-0.129664	-0.0309335	-0.129664	0.0719357	-0.221405	-0.0309335	-0.221405	0.94718	
0.795728	0.282018	0.287761	0.282018	0.610645	-0.397283	0.287761	-0.397283	0.594627	
0.919313	0.107306	0.250163	0.107306	0.857293	-0.332692	0.250163	-0.332692	0.224394	
0.991605	0.00281089	0.0911494	0.00281089	0.999059	-0.0305195	0.0911494	-0.0305195	0.0103362	
0.993135	0.00779368	0.0821601	0.00779368	0.991152	-0.0932742	0.0821601	-0.0932742	0.016713	
0.999926	-0.000691369	0.008545	-0.000691369	0.993503	0.0802967	0.008545	0.0802967	0.00757032	
0.996659	-5.91807e-06	-0.0576791	-5.91807e-06	1	-0.000102158	-0.0576791	-0.000102158	0.0043414	
0.997639	0.0092223	-0.0476234	0.0092223	0.963976	0.186024	-0.0476234	0.186024	0.0393846	
0.99601	0.0109549	-0.0620475	0.0109549	0.969921	0.170366	-0.0620475	0.170366	0.0350691	
0.994779	0.0713038	0.010202	0.0713038	0.0261565	-0.139335	0.010202	-0.139335	0.980064	
0.99999	-0.0032127	-0.000346354	-0.0032127	0.0124878	-0.106462	-0.000346354	-0.106462	0.988523	
0.989272	-0.102851	-0.00489329	-0.102851	0.0139601	-0.0469123	-0.00489329	-0.0469123	0.997768	
0.909465	0.201447	0.204124	0.201447	0.551764	-0.454193	0.204124	-0.454193	0.539771	
0.998816	-0.0212177	-0.0270415	-0.0212177	0.619777	-0.484585	-0.0270415	-0.484585	0.382407	
0.946639	-0.15388	-0.16365	-0.15388	0.556249	-0.471925	-0.16365	-0.471925	0.498112	
0.999181	-0.0173064	-0.022754	-0.0173064	0.634183	-0.480967	-0.022754	-0.480967	0.367636	
0.964961	-0.0164363	-0.183047	-0.0164363	0.99229	-0.0858645	-0.183047	-0.0858645	0.0437492	
0.453357	-0.332129	-0.370092	-0.332129	0.798205	-0.22486	-0.370092	-0.22486	0.749438	
0.937498	0.0114303	-0.241666	0.0114303	0.99791	0.0441956	-0.241666	0.0441956	0.0655923	
0.984535	-0.11022	0.0553375	-0.11022	0.214471	0.394385	0.0553375	0.394385	0.801994	
0.984817	-0.110761	0.0516642	-0.110761	0.191985	0.376896	0.0516642	0.376896	0.824198	
0.995647	-0.0587174	0.0297015	-0.0587174	0.208004	0.400622	0.0297015	0.400622	0.79735	
0.998111	0.0379389	-0.0210843	0.0379389	0.238179	0.423378	-0.0210843	0.423378	0.76471	
0.999983	-0.00365907	0.00181295	-0.00365907	0.197917	0.397405	0.00181295	0.397405	0.803099	
0.991842	-0.0840599	0.0318961	-0.0840599	0.133863	0.328651	0.0318961	0.328651	0.875295	
0.971486	-0.155189	0.0599082	-0.155189	0.155381	0.326052	0.0599082	0.326052	0.874133	
0.995367	-0.0611971	0.0293638	-0.0611971	0.191723	0.38783	0.0293638	0.38783	0.81391	
0.995262	0.0625955	-0.0281575	0.0625955	0.173067	0.371981	-0.0281575	0.371981	0.832671	
0.997559	0.0445532	-0.021156	0.0445532	0.186802	0.386146	-0.021156	0.386146	0.816639	
0.997668	0.0428361	-0.0221144	0.0428361	0.213066	0.40626	-0.0221144	0.40626	0.790266	
0.999824	-0.0119002	0.00584463	-0.0119002	0.195286	0.395225	0.00584463	0.395225	0.80589	
0.984508	-0.11457	0.0459425	-0.11457	0.152734	0.339755	0.0459425	0.339755	0.863758	
0.961927	-0.179693	0.0655432	-0.179693	0.151907	0.309343	0.0655432	0.309343	0.887166	
0.99436	-0.0699299	0.026693	-0.0699299	0.132969	0.330955	0.026693	0.330955	0.873671	
1	0.000273087	-6.46662e-05	0.000273087	0.0540426	0.224	-6.46662e-05	0.224	0.946957	
0.998321	-0.0397227	0.00981657	-0.0397227	0.0600815	0.23228	0.00981657	0.23228	0.942597	
0.998176	0.0403781	-0.0137431	0.0403781	0.10635	0.304164	-0.0137431	0.304164	0.896475	
0.999993	0.00243012	-0.00113446	0.00243012	0.179763	0.382913	-0.00113446	0.382913	0.821244	
0.999834	-0.0112394	0.0062928	-0.0112394	0.239548	0.425768	0.0062928	0.425768	0.761618	
0.997006	-0.0468261	0.028103	-0.0468261	0.267744	0.439468	0.028103	0.439468	0.736251	
0.999136	-0.0253947	0.0147541	-0.0253947	0.253757	0.433559	0.0147541	0.433559	0.748107	
0.999746	0.0147658	-0.0059329	0.0147658	0.140082	0.345515	-0.0059329	0.345515	0.861172	
0.999917	-0.00849786	0.00328018	-0.00849786	0.130618	0.335582	0.00328018	0.335582	0.870465	
0.991906	0.0103758	-0.0889554	0.0103758	0.9867	0.114028	-0.0889554	0.114028	0.0223947	
0.991906	0.0103758	-0.0889554	0.0103758	0.9867	0.114028	-0.0889554	0.114028	0.0223947	
0.993499	0.0755782	-0.0272037	0.0755782	0.121338	0.316267	-0.0272037	0.316267	0.886162	
0.991906	0.0103758	-0.0889554	0.0103758	0.9867	0.114028	-0.0889554	0.114028	0.0223947	
0.981483	-0.127857	0.042527	-0.127857	0.117185	0.293637	0.042527	0.293637	0.902332	
0.981725	0.019936	-0.132383	0.019936	0.978252	0.144416	-0.132383	0.144416	0.0410231	
0.96943	0.171885	0.00778496	0.171885	0.0335527	-0.0437721	0.00778496	-0.0437721	0.998017	
0.936613	0.24156	0.0308948	0.24156	0.0794453	-0.117736	0.0308948	-0.117736	0.984942	
0.732847	0.436075	0.0731662	0.436075	0.288191	-0.11943	0.0731662	-0.11943	0.979962	
0.99669	0.0508642	0.02661	0.0508642	0.218265	-0.40897	0.02661	-0.40897	0.786044	
0.999578	0.0205154	0.000778301	0.0205154	0.00285723	-0.0378291	0.000778301	-0.0378291	0.998565	
0.999942	0.00688788	-0.00323348	0.00688788	0.181449	0.384265	-0.00323348	0.384265	0.819609	
0.985804	-0.118152	-0.0044945	-0.118152	0.0166189	-0.0374078	-0.0044945	-0.0374078	0.998577	
0.99701	-0.0545692	0.000758462	-0.0545692	0.00418268	0.013841	0.000758462	0.013841	0.999808	
0.927223	0.204195	-0.160351	0.204195	0.427078	0.449904	-0.160351	0.449904	0.6467	
0.878739	0.272912	-0.178758	0.272912	0.38578	0.402317	-0.178758	0.402317	0.736481	
0.928218	0.25748	-0.0161893	0.25748	0.0764336	0.0580701	-0.0161893	0.0580701	0.996349	
0.99902	0.0312419	0.0015806	0.0312419	0.00452849	-0.0503632	0.0015806	-0.0503632	0.997452	
0.985636	-0.118246	0.0126809	-0.118246	0.0265589	0.104394	0.0126809	0.104394	0.988805	
0.997684	-0.0462373	0.0130378	-0.0462373	0.0767253	0.260341	0.0130378	0.260341	0.92659	
0.994906	0.0684805	-0.0193295	0.0684805	0.0794374	0.25984	-0.0193295	0.25984	0.926657	
0.978194	-0.145705	0.00887296	-0.145705	0.0264164	0.0592882	0.00887296	0.0592882	0.99639	
0.957918	-0.199705	0.0196718	-0.199705	0.052278	0.0933544	0.0196718	0.0933544	0.990804	
0.999855	-0.0120211	-0.000825296	-0.0120211	0.00583126	-0.0682538	-0.000825296	-0.0682538	0.995314	
0.994524	-0.0734426	-0.00681976	-0.0734426	0.0149694	-0.0914683	-0.00681976	-0.0914683	0.991506	
0.992064	-0.0863955	0.0200265	-0.0863955	0.0594721	0.218015	0.0200265	0.218015	0.949464	
0.999413	-0.0228853	0.00791827	-0.0228853	0.108333	0.308515	0.00791827	0.308515	0.893255	
0.999936	0.00797302	-0.000353535	0.00797302	0.00302397	0.0442073	-0.000353535	0.0442073	0.99804	
0.999803	0.0139065	0.00191865	0.0139065	0.0198546	-0.135229	0.00191865	-0.135229	0.981343	
0.999936	0.00796601	0.000707378	0.00796601	0.00887937	-0.0880111	0.000707378	-0.0880111	0.992185	
0.997466	-0.0501406	-0.00334339	-0.0501406	0.00794515	-0.0661505	-0.00334339	-0.0661505	0.995589	
0.99998	0.00448037	0.000121484	0.00448037	0.00175403	-0.0270671	0.000121484	-0.0270671	0.999266	
0.99794	0.0453126	-0.000342194	0.0453126	0.0031165	0.00752832	-0.000342194	0.00752832	0.999943	
0.998997	0.0316345	0.000583015	0.0316345	0.00234195	-0.0183866	0.000583015	-0.0183866	0.999661	
0.983947	-0.12551	-0.00511786	-0.12551	0.0186843	-0.0400147	-0.00511786	-0.0400147	0.998368	
0.995798	-0.06361	0.0115593	-0.06361	0.0370026	0.174998	0.0115593	0.174998	0.968199	
0.997861	0.0461344	-0.00209365	0.0461344	0.00518828	0.0451461	-0.00209365	0.0451461	0.997951	
0.999624	0.0193677	0.000358592	0.0193677	0.00171797	-0.0184831	0.000358592	-0.0184831	0.999658	
0.972938	-0.162035	-0.00684205	-0.162035	0.0297915	-0.0409678	-0.00684205	-0.0409678	0.99827	
0.982558	-0.130821	0.00247541	-0.130821	0.0187933	0.0185664	0.00247541	0.0185664	0.999649	
0.998714	-0.0357392	0.00232887	-0.0357392	0.00650424	0.0647391	0.00232887	0.0647391	0.995781	
0.999058	-0.0306477	0.00104844	-0.0306477	0.00310886	0.0341031	0.00104844	0.0341031	0.998833	
0.987479	-0.110232	0.0141589	-0.110232	0.0295321	0.124653	0.0141589	0.124653	0.983989	
0.976561	-0.149388	0.0234419	-0.149388	0.0478837	0.149406	0.0234419	0.149406	0.976555	
0.998927	-0.032206	0.00582539	-0.032206	0.0336884	0.174785	0.00582539	0.174785	0.968385	
0.999978	-0.00469405	0.00061286	-0.00469405	0.0177658	0.128241	0.00061286	0.128241	0.983257	
0.999595	0.0201042	-5.60726e-05	0.0201042	0.00141252	0.00278516	-5.60726e-05	0.00278516	0.999992	
0.997877	0.045716	-0.0051111	0.045716	0.0154293	0.110076	-0.0051111	0.110076	0.987693	
0.996956	-0.0550351	-0.00169093	-0.0550351	0.00498333	-0.0305715	-0.00169093	-0.0305715	0.999061	
0.999879	0.0109591	-0.000567736	0.0109591	0.00379415	0.0516086	-0.000567736	0.0516086	0.997326	
0.992997	0.0833477	-0.000709114	0.0833477	0.00807519	0.00843919	-0.000709114	0.00843919	0.999928	
0.990589	0.0964265	0.00390621	0.0964265	0.0120326	-0.0400223	0.00390621	-0.0400223	0.998379	
0.999881	-0.010917	-0.000308703	-0.010917	0.00191748	-0.0282231	-0.000308703	-0.0282231	0.999202	
0.977905	-0.145797	0.0180993	-0.145797	0.037921	0.119433	0.0180993	0.119433	0.985174	
0.999894	0.0102228	-0.00106121	0.0102228	0.0117552	0.102588	-0.00106121	0.102588	0.989351	
0.999319	0.0260666	-0.000768379	0.0260666	0.00254791	0.0294024	-0.000768379	0.0294024	0.999133	
0.997717	0.0476964	-0.000981608	0.0476964	0.00370539	0.0205041	-0.000981608	0.0205041	0.999578	
0.999285	-0.0266552	0.0017458	-0.0266552	0.00597879	0.065104	0.0017458	0.065104	0.995736	
0.995345	-0.0659828	0.0165834	-0.0659828	0.0647322	0.23506	0.0165834	0.23506	0.940923	
0.996326	-0.0557455	0.0234346	-0.0557455	0.154155	0.355581	0.0234346	0.355581	0.850519	
0.986585	-0.106055	0.0444302	-0.106055	0.161565	0.351249	0.0444302	0.351249	0.85285	
0.982839	-0.120673	0.0478292	-0.120673	0.151464	0.336321	0.0478292	0.336321	0.866698	
0.994301	-0.0717464	0.0226582	-0.0717464	0.0967825	0.285245	0.0226582	0.285245	0.909917	
0.999655	-0.017855	0.00511461	-0.017855	0.077076	0.264374	0.00511461	0.264374	0.924269	
0.999775	0.0146442	-0.00326314	0.0146442	0.0484714	0.212028	-0.00326314	0.212028	0.952754	
0.998936	-0.0316527	0.00775814	-0.0316527	0.0586177	0.230734	0.00775814	0.230734	0.943447	
0.996326	-0.0587454	0.014335	-0.0587454	0.0606102	0.22923	0.014335	0.22923	0.944063	
0.994276	-0.0739171	0.0148881	-0.0739171	0.0454485	0.192262	0.0148881	0.192262	0.961275	
0.995099	-0.0689908	0.0105915	-0.0689908	0.0287906	0.1491	0.0105915	0.1491	0.97711	
0.995167	-0.0688964	0.00760879	-0.0688964	0.0178121	0.108471	0.00760879	0.108471	0.988021	
0.996193	-0.0615049	0.00238313	-0.0615049	0.0062987	0.0385029	0.00238313	0.0385029	0.998508	
0.998279	-0.041432	-4.11272e-05	-0.041432	0.00272228	-0.000989941	-4.11272e-05	-0.000989941	0.999999	
0.998151	0.0106918	0.041591	0.0106918	0.938188	-0.240448	0.041591	-0.240448	0.0646613	
0.991563	-0.0865494	0.0294393	-0.0865494	0.112158	0.301994	0.0294393	0.301994	0.897279	
0.980766	-0.134665	0.0266572	-0.134665	0.0571789	0.186634	0.0266572	0.186634	0.963055	
0.984911	-0.121444	0.009869	-0.121444	0.0225438	0.0794317	0.009869	0.0794317	0.993545	
0.916509	0.276385	0.00693576	0.276385	0.0850674	-0.0229598	0.00693576	-0.0229598	0.999424	
0.931225	-0.204322	-0.149092	-0.204322	0.392981	-0.442936	-0.149092	-0.442936	0.676793	
0.943696	0.230236	0.00830426	0.230236	0.0585289	-0.0339574	0.00830426	-0.0339574	0.998775	
0.931225	-0.204322	-0.149092	-0.204322	0.392981	-0.442936	-0.149092	-0.442936	0.676793	
0.887793	-0.270407	-0.162433	-0.270407	0.348348	-0.391446	-0.162433	-0.391446	0.764859	
0.417903	0.439073	0.223368	0.439073	0.668809	-0.168485	0.223368	-0.168485	0.914287	
0.991387	-0.0529117	-0.0757006	-0.0529117	0.674952	-0.465045	-0.0757006	-0.465045	0.334661	
0.976125	-0.0959383	-0.118645	-0.0959383	0.614482	-0.476764	-0.118645	-0.476764	0.410393	
0.977691	0.0422552	-0.141433	0.0422552	0.919964	0.26789	-0.141433	0.26789	0.103345	
0.977691	0.0422552	-0.141433	0.0422552	0.919964	0.26789	-0.141433	0.26789	0.103345	
0.97332	-0.160958	0.00581295	-0.160958	0.0289461	0.0350694	0.00581295	0.0350694	0.998733	
0.977691	0.0422552	-0.141433	0.0422552	0.919964	0.26789	-0.141433	0.26789	0.103345	
0.977691	0.0422552	-0.141433	0.0422552	0.919964	0.26789	-0.141433	0.26789	0.103345	
0.00816873	-0.029225	0.0790953	-0.029225	0.999139	0.0023306	0.0790953	0.0023306	0.993692	
0.0142637	-0.0332993	0.109388	-0.0332993	0.998875	0.00369524	0.109388	0.00369524	0.987861	
0.0138552	-0.0344179	-0.107203	-0.0344179	0.998799	-0.00374154	-0.107203	-0.00374154	0.988346	
0.146046	-0.240873	-0.256599	-0.240873	0.932058	-0.0723781	-0.256599	-0.0723781	0.922896	
0.788633	-0.402835	-0.0648367	-0.402835	0.232256	-0.123569	-0.0648367	-0.123569	0.980111	
0.97935	-0.141672	-0.0114801	-0.141672	0.028032	-0.0787615	-0.0114801	-0.0787615	0.993618	
0.879637	-0.324418	0.0225491	-0.324418	0.125588	0.0607771	0.0225491	0.0607771	0.995776	
0.331283	-0.445468	0.149747	-0.445468	0.70325	0.0997542	0.149747	0.0997542	0.966467	
0.0249537	-0.142533	0.0551391	-0.142533	0.979164	0.00806027	0.0551391	0.00806027	0.996882	
0.00315414	0.0313704	-0.0341063	0.0313704	0.999013	0.00107332	-0.0341063	0.00107332	0.998833	
0.0615103	-0.20081	-0.128311	-0.20081	0.957033	-0.0274549	-0.128311	-0.0274549	0.982457	
0.410421	-0.490978	0.018065	-0.490978	0.591133	0.0150438	0.018065	0.0150438	0.999446	
0.979766	-0.140724	-0.00099266	-0.140724	0.0212825	-0.00690383	-0.00099266	-0.00690383	0.999951	
0.992557	-0.085862	0.00289035	-0.085862	0.00956582	0.0333407	0.00289035	0.0333407	0.998878	
0.998505	-0.0272102	-0.0274076	-0.0272102	0.504852	-0.498739	-0.0274076	-0.498739	0.497643	
0.994142	-0.0310743	-0.0696549	-0.0310743	0.835151	-0.369517	-0.0696549	-0.369517	0.171706	
0.99935	0.0089757	0.0238447	0.0089757	0.876095	-0.329162	0.0238447	-0.329162	0.125555	
0.834691	-0.204227	-0.310014	-0.204227	0.747695	-0.382997	-0.310014	-0.382997	0.418615	
0.339727	-0.467406	0.0719971	-0.467406	0.669124	0.0509666	0.0719971	0.0509666	0.992149	
0.0672679	-0.230707	0.0926524	-0.230707	0.942936	0.0229171	0.0926524	0.0229171	0.990796	
0.00141747	-0.0033194	0.0201459	-0.0033194	0.999989	6.69674e-05	0.0201459	6.69674e-05	0.999594	
0.00426854	0.0539125	-0.0186558	0.0539125	0.997081	0.00101009	-0.0186558	0.00101009	0.99965	
0.110983	-0.308485	0.0511214	-0.308485	0.892957	0.0177389	0.0511214	0.0177389	0.99706	
0.295688	-0.428698	0.154176	-0.428698	0.739061	0.0938431	0.154176	0.0938431	0.966251	
0.956216	-0.204504	-0.000866444	-0.204504	0.0448008	-0.00404698	-0.000866444	-0.00404698	0.999983	
0.993157	-0.082345	0.00286882	-0.082345	0.00904537	0.0345239	0.00286882	0.0345239	0.998797	
0.993339	-0.0811746	0.00449726	-0.0811746	0.0106971	0.0548097	0.00449726	0.0548097	0.996963	
0.99237	-0.0868159	0.00525104	-0.0868159	0.012244	0.0597441	0.00525104	0.0597441	0.996386	
0.979538	-0.140459	0.0171525	-0.140459	0.0358403	0.11774	0.0171525	0.11774	0.985622	
0.91261	-0.281287	0.0233058	-0.281287	0.0946054	0.0750155	0.0233058	0.0750155	0.993785	
0.91261	-0.281287	0.0233058	-0.281287	0.0946054	0.0750155	0.0233058	0.0750155	0.993785	
0.916185	-0.270764	-0.0582504	-0.270764	0.125298	-0.188177	-0.0582504	-0.188177	0.959517	
0.92189	-0.26389	-0.0478797	-0.26389	0.108459	-0.16176	-0.0478797	-0.16176	0.970651	
0.968596	-0.173712	0.0145058	-0.173712	0.0391043	0.0802394	0.0145058	0.0802394	0.9933	
0.991666	-0.0908271	0.00255026	-0.0908271	0.0101143	0.0277942	0.00255026	0.0277942	0.99922	
0.991943	-0.0893271	0.00220169	-0.0893271	0.00965878	0.0244095	0.00220169	0.0244095	0.999398	
0.997738	0.0303197	-0.0365361	0.0303197	0.593515	0.489826	-0.0365361	0.489826	0.409746	
0.989581	-0.101469	0.00212213	-0.101469	0.0118517	0.0206662	0.00212213	0.0206662	0.999568	
0.994401	-0.0745687	0.00113692	-0.0745687	0.00682961	0.0151425	0.00113692	0.0151425	0.999769	
0.995769	-0.0648441	0.00206716	-0.0648441	0.00624109	0.03168	0.00206716	0.03168	0.99899	
0.994493	-0.0736444	0.00688782	-0.0736444	0.015122	0.0921138	0.00688782	0.0921138	0.991385	
0.989226	-0.102745	0.00951646	-0.102745	0.0201797	0.0907533	0.00951646	0.0907533	0.991594	
0.994004	-0.0771652	0.000215224	-0.0771652	0.0070042	0.00276959	0.000215224	0.00276959	0.999992	
0.995744	-0.0650395	-0.00199146	-0.0650395	0.00618821	-0.0304297	-0.00199146	-0.0304297	0.999068	
0.992624	-0.0855068	0.00171079	-0.0855068	0.00877291	0.0198322	0.00171079	0.0198322	0.999603	
0.77387	-0.0796112	-0.410404	-0.0796112	0.971972	-0.144486	-0.410404	-0.144486	0.255158	
0.594247	-0.231467	-0.43259	-0.231467	0.867956	-0.246777	-0.43259	-0.246777	0.538797	
0.990306	-0.0106045	0.0973523	-0.0106045	0.988399	0.106501	0.0973523	0.106501	0.0222947	
0.989899	-0.0922776	-0.0383922	-0.0922776	0.15702	-0.350723	-0.0383922	-0.350723	0.854082	
0.998524	0.00234798	-0.0382955	0.00234798	0.996264	0.0609313	-0.0382955	0.0609313	0.00621155	
0.993919	-0.0728433	-0.027052	-0.0728433	0.127424	-0.324051	-0.027052	-0.324051	0.879657	
0.993463	-0.0739458	-0.0319283	-0.0739458	0.16349	-0.361188	-0.0319283	-0.361188	0.844046	
0.991076	-0.0901505	-0.0266135	-0.0901505	0.0892924	-0.268852	-0.0266135	-0.268852	0.920632	
0.996104	-0.0594723	-0.0184275	-0.0594723	0.0920645	-0.281325	-0.0184275	-0.281325	0.912831	
0.997666	-0.0470273	-0.0107046	-0.0470273	0.0524307	-0.215691	-0.0107046	-0.215691	0.950903	
0.754599	0.027472	0.429161	0.027472	0.996925	-0.0480435	0.429161	-0.0480435	0.249476	
0.216091	-0.395386	0.110825	-0.395386	0.800576	0.0558976	0.110825	0.0558976	0.984332	
0.0216659	0.141602	-0.0129234	0.141602	0.979505	0.0018705	-0.0129234	0.0018705	0.999829	
0.0475435	-0.0763469	-0.196219	-0.0763469	0.99388	-0.0157285	-0.196219	-0.0157285	0.959576	
0.243116	-0.264825	-0.336335	-0.264825	0.907341	-0.11768	-0.336335	-0.11768	0.850544	
0.648492	-0.341849	-0.332773	-0.341849	0.667545	-0.323629	-0.332773	-0.323629	0.684963	
0.693726	-0.425879	-0.175474	-0.425879	0.407808	-0.243999	-0.175474	-0.243999	0.899466	
0.699426	-0.455131	-0.0527662	-0.455131	0.310837	-0.079899	-0.0527662	-0.079899	0.990737	
0.955713	-0.205617	0.00177177	-0.205617	0.0453581	0.00822597	0.00177177	0.00822597	0.999929	
0.993362	-0.0806153	0.0093931	-0.0806153	0.0209299	0.114079	0.0093931	0.114079	0.986708	
0.991957	-0.0885886	0.0110755	-0.0885886	0.0242941	0.121985	0.0110755	0.121985	0.984749	
0.993012	-0.0826604	0.00999004	-0.0826604	0.0222694	0.118165	0.00999004	0.118165	0.985719	
0.991517	-0.0910608	0.0105313	-0.0910608	0.0225569	0.113042	0.0105313	0.113042	0.986927	
0.993829	-0.0778214	0.00843019	-0.0778214	0.018687	0.106303	0.00843019	0.106303	0.988484	
0.992651	-0.0852077	0.00527002	-0.0852077	0.0121284	0.061099	0.00527002	0.061099	0.996221	
0.992395	-0.0863567	0.00906636	-0.0863567	0.0194135	0.102949	0.00906636	0.102949	0.989192	
0.994413	-0.074372	0.00436856	-0.074372	0.0100029	0.0581517	0.00436856	0.0581517	0.996584	
0.990908	-0.0102248	0.094319	-0.0102248	0.988502	0.106066	0.094319	0.106066	0.0215906	
0.997789	-0.0468585	0.00277946	-0.0468585	0.00670535	0.0589184	0.00277946	0.0589184	0.996505	
0.987937	-0.108357	0.0128244	-0.108357	0.0266968	0.115193	0.0128244	0.115193	0.986366	
0.981103	-0.135944	0.00635085	-0.135944	0.0220313	0.0456876	0.00635085	0.0456876	0.997866	
0.989319	-0.102208	0.0104517	-0.102208	0.0219084	0.100019	0.0104517	0.100019	0.989772	
0.992765	-0.0842923	0.00838137	-0.0842923	0.0179444	0.097648	0.00838137	0.097648	0.990291	
0.99222	-0.0873581	0.00895993	-0.0873581	0.0190988	0.100607	0.00895993	0.100607	0.989681	
0.990672	-0.0955177	0.0104005	-0.0955177	0.0219243	0.106498	0.0104005	0.106498	0.988404	
0.990116	-0.0983119	0.0105442	-0.0983119	0.0221325	0.104879	0.0105442	0.104879	0.988752	
0.991026	-0.0938088	0.00920995	-0.0938088	0.0194261	0.0962707	0.00920995	0.0962707	0.990548	
0.990686	-0.0955126	0.00977707	-0.0955126	0.0205771	0.100258	0.00977707	0.100258	0.989737	
